    0.10000E-03    0.11221E+03
    0.10202E-03    0.11441E+03
    0.10408E-03    0.11664E+03
    0.10618E-03    0.11892E+03
    0.10833E-03    0.12124E+03
    0.11052E-03    0.12361E+03
    0.11275E-03    0.12603E+03
    0.11503E-03    0.12849E+03
    0.11735E-03    0.13100E+03
    0.11972E-03    0.13356E+03
    0.12214E-03    0.13617E+03
    0.12461E-03    0.13883E+03
    0.12712E-03    0.14154E+03
    0.12969E-03    0.14430E+03
    0.13231E-03    0.14712E+03
    0.13499E-03    0.15000E+03
    0.13771E-03    0.15293E+03
    0.14049E-03    0.15591E+03
    0.14333E-03    0.15896E+03
    0.14623E-03    0.16206E+03
    0.14918E-03    0.16523E+03
    0.15220E-03    0.16845E+03
    0.15527E-03    0.17174E+03
    0.15841E-03    0.17510E+03
    0.16161E-03    0.17852E+03
    0.16487E-03    0.18200E+03
    0.16820E-03    0.18556E+03
    0.17160E-03    0.18918E+03
    0.17507E-03    0.19287E+03
    0.17860E-03    0.19664E+03
    0.18221E-03    0.20048E+03
    0.18589E-03    0.20439E+03
    0.18965E-03    0.20838E+03
    0.19348E-03    0.21244E+03
    0.19739E-03    0.21659E+03
    0.20138E-03    0.22082E+03
    0.20544E-03    0.22512E+03
    0.20959E-03    0.22952E+03
    0.21383E-03    0.23399E+03
    0.21815E-03    0.23856E+03
    0.22255E-03    0.24321E+03
    0.22705E-03    0.24796E+03
    0.23164E-03    0.25279E+03
    0.23632E-03    0.25772E+03
    0.24109E-03    0.26275E+03
    0.24596E-03    0.26787E+03
    0.25093E-03    0.27309E+03
    0.25600E-03    0.27842E+03
    0.26117E-03    0.28384E+03
    0.26645E-03    0.28937E+03
    0.27183E-03    0.29501E+03
    0.27732E-03    0.30076E+03
    0.28292E-03    0.30662E+03
    0.28864E-03    0.31259E+03
    0.29447E-03    0.31868E+03
    0.30042E-03    0.32488E+03
    0.30649E-03    0.33121E+03
    0.31268E-03    0.33766E+03
    0.31899E-03    0.34423E+03
    0.32544E-03    0.35093E+03
    0.33201E-03    0.35775E+03
    0.33872E-03    0.36471E+03
    0.34556E-03    0.37181E+03
    0.35254E-03    0.37903E+03
    0.35966E-03    0.38640E+03
    0.36693E-03    0.39391E+03
    0.37434E-03    0.40157E+03
    0.38190E-03    0.40937E+03
    0.38962E-03    0.41732E+03
    0.39749E-03    0.42542E+03
    0.40552E-03    0.43368E+03
    0.41371E-03    0.44210E+03
    0.42207E-03    0.45067E+03
    0.43060E-03    0.45942E+03
    0.43929E-03    0.46832E+03
    0.44817E-03    0.47740E+03
    0.45722E-03    0.48665E+03
    0.46646E-03    0.49608E+03
    0.47588E-03    0.50568E+03
    0.48550E-03    0.51547E+03
    0.49530E-03    0.52545E+03
    0.50531E-03    0.53561E+03
    0.51552E-03    0.54597E+03
    0.52593E-03    0.55652E+03
    0.53656E-03    0.56727E+03
    0.54739E-03    0.57822E+03
    0.55845E-03    0.58938E+03
    0.56973E-03    0.60075E+03
    0.58124E-03    0.61234E+03
    0.59299E-03    0.62414E+03
    0.60496E-03    0.63616E+03
    0.61719E-03    0.64841E+03
    0.62965E-03    0.66088E+03
    0.64237E-03    0.67359E+03
    0.65535E-03    0.68654E+03
    0.66859E-03    0.69972E+03
    0.68210E-03    0.71315E+03
    0.69588E-03    0.72683E+03
    0.70993E-03    0.74076E+03
    0.72427E-03    0.75495E+03
    0.73891E-03    0.76940E+03
    0.75383E-03    0.78412E+03
    0.76906E-03    0.79911E+03
    0.78460E-03    0.81437E+03
    0.80045E-03    0.82991E+03
    0.81662E-03    0.84573E+03
    0.83311E-03    0.86184E+03
    0.84994E-03    0.87825E+03
    0.86711E-03    0.89495E+03
    0.88463E-03    0.91195E+03
    0.90250E-03    0.92926E+03
    0.92073E-03    0.94688E+03
    0.93933E-03    0.96481E+03
    0.95831E-03    0.98307E+03
    0.97767E-03    0.10017E+04
    0.99742E-03    0.10206E+04
    0.10176E-02    0.10398E+04
    0.10381E-02    0.10594E+04
    0.10591E-02    0.10793E+04
    0.10805E-02    0.10996E+04
    0.11023E-02    0.11203E+04
    0.11246E-02    0.11413E+04
    0.11473E-02    0.11626E+04
    0.11705E-02    0.11844E+04
    0.11941E-02    0.12065E+04
    0.12182E-02    0.12290E+04
    0.12429E-02    0.12518E+04
    0.12680E-02    0.12751E+04
    0.12936E-02    0.12988E+04
    0.13197E-02    0.13228E+04
    0.13464E-02    0.13473E+04
    0.13736E-02    0.13722E+04
    0.14013E-02    0.13975E+04
    0.14296E-02    0.14232E+04
    0.14585E-02    0.14494E+04
    0.14880E-02    0.14759E+04
    0.15180E-02    0.15030E+04
    0.15487E-02    0.15304E+04
    0.15800E-02    0.15583E+04
    0.16119E-02    0.15867E+04
    0.16445E-02    0.16155E+04
    0.16777E-02    0.16448E+04
    0.17116E-02    0.16745E+04
    0.17462E-02    0.17047E+04
    0.17814E-02    0.17354E+04
    0.18174E-02    0.17666E+04
    0.18541E-02    0.17982E+04
    0.18916E-02    0.18303E+04
    0.19298E-02    0.18630E+04
    0.19688E-02    0.18961E+04
    0.20086E-02    0.19297E+04
    0.20491E-02    0.19638E+04
    0.20905E-02    0.19984E+04
    0.21328E-02    0.20336E+04
    0.21758E-02    0.20692E+04
    0.22198E-02    0.21054E+04
    0.22646E-02    0.21421E+04
    0.23104E-02    0.21793E+04
    0.23571E-02    0.22170E+04
    0.24047E-02    0.22552E+04
    0.24533E-02    0.22940E+04
    0.25028E-02    0.23333E+04
    0.25534E-02    0.23731E+04
    0.26050E-02    0.24135E+04
    0.26576E-02    0.24544E+04
    0.27113E-02    0.24958E+04
    0.27660E-02    0.25378E+04
    0.28219E-02    0.25802E+04
    0.28789E-02    0.26232E+04
    0.29371E-02    0.26668E+04
    0.29964E-02    0.27109E+04
    0.30569E-02    0.27555E+04
    0.31187E-02    0.28006E+04
    0.31817E-02    0.28462E+04
    0.32460E-02    0.28924E+04
    0.33115E-02    0.29391E+04
    0.33784E-02    0.29863E+04
    0.34467E-02    0.30340E+04
    0.35163E-02    0.30822E+04
    0.35874E-02    0.31309E+04
    0.36598E-02    0.31801E+04
    0.37338E-02    0.32297E+04
    0.38092E-02    0.32799E+04
    0.38861E-02    0.33305E+04
    0.39646E-02    0.33816E+04
    0.40447E-02    0.34331E+04
    0.41264E-02    0.34851E+04
    0.42098E-02    0.35375E+04
    0.42948E-02    0.35903E+04
    0.43816E-02    0.36435E+04
    0.44701E-02    0.36972E+04
    0.45604E-02    0.37512E+04
    0.46525E-02    0.38055E+04
    0.47465E-02    0.38603E+04
    0.48424E-02    0.39158E+04
    0.49402E-02    0.39704E+04
    0.50400E-02    0.40236E+04
    0.51419E-02    0.40783E+04
    0.52457E-02    0.41348E+04
    0.53517E-02    0.41913E+04
    0.54598E-02    0.42478E+04
    0.55701E-02    0.43045E+04
    0.56826E-02    0.43615E+04
    0.57974E-02    0.44187E+04
    0.59145E-02    0.44759E+04
    0.60340E-02    0.45332E+04
    0.61559E-02    0.45907E+04
    0.62803E-02    0.46481E+04
    0.64072E-02    0.47056E+04
    0.65366E-02    0.47631E+04
    0.66686E-02    0.48205E+04
    0.68033E-02    0.48778E+04
    0.69408E-02    0.49351E+04
    0.70810E-02    0.49921E+04
    0.72240E-02    0.50490E+04
    0.73700E-02    0.51057E+04
    0.75189E-02    0.51620E+04
    0.76708E-02    0.52181E+04
    0.78257E-02    0.52739E+04
    0.79838E-02    0.53292E+04
    0.81451E-02    0.53841E+04
    0.83096E-02    0.54385E+04
    0.84775E-02    0.54924E+04
    0.86488E-02    0.55457E+04
    0.88235E-02    0.55984E+04
    0.90017E-02    0.56504E+04
    0.91836E-02    0.57017E+04
    0.93691E-02    0.57522E+04
    0.95583E-02    0.58018E+04
    0.97514E-02    0.58506E+04
    0.99484E-02    0.58983E+04
    0.10149E-01    0.59451E+04
    0.10354E-01    0.59908E+04
    0.10564E-01    0.60353E+04
    0.10777E-01    0.60786E+04
    0.10995E-01    0.61207E+04
    0.11217E-01    0.61614E+04
    0.11443E-01    0.62008E+04
    0.11675E-01    0.62386E+04
    0.11910E-01    0.62749E+04
    0.12151E-01    0.63096E+04
    0.12397E-01    0.63426E+04
    0.12647E-01    0.63739E+04
    0.12902E-01    0.64033E+04
    0.13163E-01    0.64309E+04
    0.13429E-01    0.64565E+04
    0.13700E-01    0.64800E+04
    0.13977E-01    0.65014E+04
    0.14259E-01    0.65207E+04
    0.14547E-01    0.65376E+04
    0.14841E-01    0.65523E+04
    0.15141E-01    0.65645E+04
    0.15447E-01    0.65743E+04
    0.15759E-01    0.65816E+04
    0.16077E-01    0.65862E+04
    0.16402E-01    0.65882E+04
    0.16734E-01    0.65874E+04
    0.17072E-01    0.65839E+04
    0.17416E-01    0.65775E+04
    0.17768E-01    0.65682E+04
    0.18127E-01    0.65560E+04
    0.18493E-01    0.65407E+04
    0.18867E-01    0.65225E+04
    0.19248E-01    0.65011E+04
    0.19637E-01    0.64767E+04
    0.20034E-01    0.64492E+04
    0.20438E-01    0.64185E+04
    0.20851E-01    0.63846E+04
    0.21272E-01    0.63477E+04
    0.21702E-01    0.63075E+04
    0.22141E-01    0.62643E+04
    0.22588E-01    0.62179E+04
    0.23044E-01    0.61685E+04
    0.23510E-01    0.61161E+04
    0.23985E-01    0.60606E+04
    0.24469E-01    0.60023E+04
    0.24964E-01    0.59411E+04
    0.25468E-01    0.58771E+04
    0.25982E-01    0.58106E+04
    0.26507E-01    0.57414E+04
    0.27043E-01    0.56699E+04
    0.27589E-01    0.55960E+04
    0.28146E-01    0.55201E+04
    0.28715E-01    0.54421E+04
    0.29295E-01    0.53623E+04
    0.29887E-01    0.52809E+04
    0.30490E-01    0.51981E+04
    0.31106E-01    0.51141E+04
    0.31735E-01    0.50290E+04
    0.32376E-01    0.49431E+04
    0.33030E-01    0.48566E+04
    0.33697E-01    0.47699E+04
    0.34378E-01    0.46830E+04
    0.35072E-01    0.45962E+04
    0.35781E-01    0.45099E+04
    0.36504E-01    0.44242E+04
    0.37241E-01    0.43389E+04
    0.37993E-01    0.42541E+04
    0.38761E-01    0.41703E+04
    0.39544E-01    0.40881E+04
    0.40343E-01    0.40076E+04
    0.41158E-01    0.39292E+04
    0.41989E-01    0.38530E+04
    0.42838E-01    0.37793E+04
    0.43703E-01    0.37081E+04
    0.44586E-01    0.36397E+04
    0.45486E-01    0.35740E+04
    0.46405E-01    0.35110E+04
    0.47343E-01    0.34508E+04
    0.48299E-01    0.33933E+04
    0.49275E-01    0.33384E+04
    0.50270E-01    0.32859E+04
    0.51286E-01    0.32358E+04
    0.52322E-01    0.31877E+04
    0.53379E-01    0.31415E+04
    0.54457E-01    0.30970E+04
    0.55557E-01    0.30542E+04
    0.56680E-01    0.30125E+04
    0.57825E-01    0.29726E+04
    0.58993E-01    0.29352E+04
    0.60184E-01    0.28988E+04
    0.61400E-01    0.28614E+04
    0.62641E-01    0.28224E+04
    0.63906E-01    0.27824E+04
    0.65197E-01    0.27415E+04
    0.66514E-01    0.26991E+04
    0.67858E-01    0.26546E+04
    0.69229E-01    0.26078E+04
    0.70627E-01    0.25585E+04
    0.72054E-01    0.25064E+04
    0.73510E-01    0.24515E+04
    0.74994E-01    0.23938E+04
    0.76509E-01    0.23333E+04
    0.78055E-01    0.22704E+04
    0.79632E-01    0.22053E+04
    0.81241E-01    0.21385E+04
    0.82882E-01    0.20705E+04
    0.84556E-01    0.20018E+04
    0.86264E-01    0.19330E+04
    0.88007E-01    0.18648E+04
    0.89785E-01    0.17978E+04
    0.91598E-01    0.17326E+04
    0.93449E-01    0.16699E+04
    0.95337E-01    0.16103E+04
    0.97263E-01    0.15542E+04
    0.99227E-01    0.15021E+04
    0.10123E+00    0.14543E+04
    0.10328E+00    0.14110E+04
    0.10536E+00    0.13721E+04
    0.10749E+00    0.13374E+04
    0.10966E+00    0.13067E+04
    0.11188E+00    0.12794E+04
    0.11414E+00    0.12549E+04
    0.11644E+00    0.12327E+04
    0.11880E+00    0.12118E+04
    0.12120E+00    0.11916E+04
    0.12365E+00    0.11711E+04
    0.12614E+00    0.11494E+04
    0.12869E+00    0.11257E+04
    0.13129E+00    0.10994E+04
    0.13394E+00    0.10701E+04
    0.13665E+00    0.10378E+04
    0.13941E+00    0.10029E+04
    0.14223E+00    0.96617E+03
    0.14510E+00    0.92838E+03
    0.14803E+00    0.89044E+03
    0.15102E+00    0.85320E+03
    0.15407E+00    0.81745E+03
    0.15718E+00    0.78394E+03
    0.16036E+00    0.75334E+03
    0.16360E+00    0.72620E+03
    0.16690E+00    0.70275E+03
    0.17028E+00    0.68287E+03
    0.17371E+00    0.66600E+03
    0.17722E+00    0.65133E+03
    0.18080E+00    0.63790E+03
    0.18446E+00    0.62481E+03
    0.18818E+00    0.61124E+03
    0.19198E+00    0.59651E+03
    0.19586E+00    0.58015E+03
    0.19982E+00    0.56194E+03
    0.20386E+00    0.54207E+03
    0.20797E+00    0.52112E+03
    0.21218E+00    0.49989E+03
    0.21646E+00    0.47923E+03
    0.22083E+00    0.45991E+03
    0.22530E+00    0.44248E+03
    0.22985E+00    0.42728E+03
    0.23449E+00    0.41424E+03
    0.23923E+00    0.40305E+03
    0.24406E+00    0.39300E+03
    0.24899E+00    0.38334E+03
    0.25402E+00    0.37343E+03
    0.25915E+00    0.36280E+03
    0.26439E+00    0.35130E+03
    0.26973E+00    0.33902E+03
    0.27518E+00    0.32641E+03
    0.28074E+00    0.31397E+03
    0.28641E+00    0.30231E+03
    0.29219E+00    0.29179E+03
    0.29810E+00    0.28245E+03
    0.30412E+00    0.27413E+03
    0.31026E+00    0.26647E+03
    0.31653E+00    0.25908E+03
    0.32292E+00    0.25153E+03
    0.32945E+00    0.24364E+03
    0.33610E+00    0.23549E+03
    0.34289E+00    0.22733E+03
    0.34982E+00    0.21948E+03
    0.35689E+00    0.21217E+03
    0.36409E+00    0.20548E+03
    0.37145E+00    0.19934E+03
    0.37895E+00    0.19352E+03
    0.38661E+00    0.18781E+03
    0.39442E+00    0.18206E+03
    0.40239E+00    0.17628E+03
    0.41052E+00    0.17058E+03
    0.41881E+00    0.16512E+03
    0.42727E+00    0.15999E+03
    0.43590E+00    0.15519E+03
    0.44471E+00    0.15061E+03
    0.45369E+00    0.14616E+03
    0.46286E+00    0.14176E+03
    0.47221E+00    0.13744E+03
    0.48174E+00    0.13325E+03
    0.49148E+00    0.12925E+03
    0.50141E+00    0.12544E+03
    0.51153E+00    0.12179E+03
    0.52187E+00    0.11825E+03
    0.53241E+00    0.11480E+03
    0.54317E+00    0.11145E+03
    0.55414E+00    0.10821E+03
    0.56533E+00    0.10510E+03
    0.57675E+00    0.10211E+03
    0.58840E+00    0.99223E+02
    0.60029E+00    0.96420E+02
    0.61242E+00    0.93703E+02
    0.62479E+00    0.91078E+02
    0.63741E+00    0.88549E+02
    0.65029E+00    0.86108E+02
    0.66342E+00    0.83746E+02
    0.67683E+00    0.81460E+02
    0.69050E+00    0.79248E+02
    0.70445E+00    0.77108E+02
    0.71868E+00    0.75035E+02
    0.73320E+00    0.73029E+02
    0.74801E+00    0.71086E+02
    0.76312E+00    0.69205E+02
    0.77854E+00    0.67384E+02
    0.79426E+00    0.65619E+02
    0.81031E+00    0.63910E+02
    0.82668E+00    0.62255E+02
    0.84338E+00    0.60651E+02
    0.86041E+00    0.59096E+02
    0.87780E+00    0.57588E+02
    0.89553E+00    0.56126E+02
    0.91362E+00    0.54707E+02
    0.93208E+00    0.53331E+02
    0.95091E+00    0.51995E+02
    0.97011E+00    0.50697E+02
    0.98971E+00    0.49438E+02
    0.10097E+01    0.48214E+02
    0.10301E+01    0.47024E+02
    0.10509E+01    0.45868E+02
    0.10721E+01    0.44745E+02
    0.10938E+01    0.43652E+02
    0.11159E+01    0.42588E+02
    0.11384E+01    0.41554E+02
    0.11614E+01    0.40547E+02
    0.11849E+01    0.39566E+02
    0.12088E+01    0.38612E+02
    0.12333E+01    0.37682E+02
    0.12582E+01    0.36776E+02
    0.12836E+01    0.35893E+02
    0.13095E+01    0.35033E+02
    0.13360E+01    0.34194E+02
    0.13630E+01    0.33375E+02
    0.13905E+01    0.32577E+02
    0.14186E+01    0.31798E+02
    0.14472E+01    0.31038E+02
    0.14765E+01    0.30296E+02
    0.15063E+01    0.29572E+02
    0.15367E+01    0.28864E+02
    0.15678E+01    0.28173E+02
    0.15994E+01    0.27498E+02
    0.16318E+01    0.26838E+02
    0.16647E+01    0.26193E+02
    0.16984E+01    0.25562E+02
    0.17327E+01    0.24946E+02
    0.17677E+01    0.24343E+02
    0.18034E+01    0.23754E+02
    0.18398E+01    0.23177E+02
    0.18770E+01    0.22613E+02
    0.19149E+01    0.22061E+02
    0.19536E+01    0.21521E+02
    0.19930E+01    0.20993E+02
    0.20333E+01    0.20475E+02
    0.20744E+01    0.19969E+02
    0.21163E+01    0.19473E+02
    0.21590E+01    0.18988E+02
    0.22026E+01    0.18513E+02
    0.22471E+01    0.18048E+02
    0.22925E+01    0.17593E+02
    0.23388E+01    0.17147E+02
    0.23861E+01    0.16710E+02
    0.24343E+01    0.16283E+02
    0.24835E+01    0.15864E+02
    0.25336E+01    0.15454E+02
    0.25848E+01    0.15053E+02
    0.26370E+01    0.14660E+02
    0.26903E+01    0.14275E+02
    0.27447E+01    0.13898E+02
    0.28001E+01    0.13530E+02
    0.28567E+01    0.13169E+02
    0.29144E+01    0.12815E+02
    0.29733E+01    0.12469E+02
    0.30333E+01    0.12130E+02
    0.30946E+01    0.11799E+02
    0.31571E+01    0.11475E+02
    0.32209E+01    0.11157E+02
    0.32860E+01    0.10847E+02
    0.33523E+01    0.10543E+02
    0.34201E+01    0.10246E+02
    0.34892E+01    0.99553E+01
    0.35596E+01    0.96711E+01
    0.36316E+01    0.93933E+01
    0.37049E+01    0.91216E+01
    0.37798E+01    0.88561E+01
    0.38561E+01    0.85967E+01
    0.39340E+01    0.83431E+01
    0.40135E+01    0.80954E+01
    0.40946E+01    0.78535E+01
    0.41773E+01    0.76172E+01
    0.42617E+01    0.73865E+01
    0.43478E+01    0.71613E+01
    0.44356E+01    0.69414E+01
    0.45252E+01    0.67269E+01
    0.46166E+01    0.65177E+01
    0.47099E+01    0.63135E+01
    0.48050E+01    0.61144E+01
    0.49021E+01    0.59203E+01
    0.50011E+01    0.57311E+01
    0.51021E+01    0.55467E+01
    0.52052E+01    0.53671E+01
    0.53104E+01    0.51921E+01
    0.54176E+01    0.50217E+01
    0.55271E+01    0.48558E+01
    0.56387E+01    0.46943E+01
    0.57526E+01    0.45372E+01
    0.58689E+01    0.43843E+01
    0.59874E+01    0.42356E+01
    0.61084E+01    0.40910E+01
    0.62318E+01    0.39505E+01
    0.63577E+01    0.38139E+01
    0.64861E+01    0.36812E+01
    0.66171E+01    0.35523E+01
    0.67508E+01    0.34272E+01
    0.68872E+01    0.33058E+01
    0.70263E+01    0.31879E+01
    0.71682E+01    0.30735E+01
    0.73130E+01    0.29627E+01
    0.74608E+01    0.28551E+01
    0.76115E+01    0.27509E+01
    0.77653E+01    0.26499E+01
    0.79221E+01    0.25521E+01
    0.80822E+01    0.24573E+01
    0.82454E+01    0.23656E+01
    0.84120E+01    0.22768E+01
    0.85819E+01    0.21909E+01
    0.87553E+01    0.21078E+01
    0.89322E+01    0.20274E+01
    0.91126E+01    0.19498E+01
    0.92967E+01    0.18747E+01
    0.94845E+01    0.18022E+01
    0.96761E+01    0.17321E+01
    0.98716E+01    0.16645E+01
    0.10071E+02    0.15991E+01
    0.10274E+02    0.15361E+01
    0.10482E+02    0.14753E+01
    0.10694E+02    0.14166E+01
    0.10910E+02    0.13601E+01
    0.11130E+02    0.13055E+01
    0.11355E+02    0.12530E+01
    0.11584E+02    0.12023E+01
    0.11818E+02    0.11535E+01
    0.12057E+02    0.11066E+01
    0.12301E+02    0.10613E+01
    0.12549E+02    0.10178E+01
    0.12803E+02    0.97585E+00
    0.13061E+02    0.93552E+00
    0.13325E+02    0.89672E+00
    0.13594E+02    0.85941E+00
    0.13869E+02    0.82353E+00
    0.14149E+02    0.78904E+00
    0.14435E+02    0.75589E+00
    0.14727E+02    0.72403E+00
    0.15024E+02    0.69343E+00
    0.15328E+02    0.66403E+00
    0.15637E+02    0.63580E+00
    0.15953E+02    0.60870E+00
    0.16275E+02    0.58267E+00
    0.16604E+02    0.55770E+00
    0.16940E+02    0.53373E+00
    0.17282E+02    0.51073E+00
    0.17631E+02    0.48868E+00
    0.17987E+02    0.46752E+00
    0.18351E+02    0.44723E+00
    0.18721E+02    0.42777E+00
    0.19099E+02    0.40912E+00
    0.19485E+02    0.39125E+00
    0.19879E+02    0.37412E+00
    0.20280E+02    0.35770E+00
    0.20690E+02    0.34197E+00
    0.21108E+02    0.32691E+00
    0.21535E+02    0.31248E+00
    0.21970E+02    0.29866E+00
    0.22413E+02    0.28543E+00
    0.22866E+02    0.27276E+00
    0.23328E+02    0.26063E+00
    0.23799E+02    0.24902E+00
    0.24280E+02    0.23791E+00
    0.24771E+02    0.22728E+00
    0.25271E+02    0.21711E+00
    0.25782E+02    0.20738E+00
    0.26302E+02    0.19807E+00
    0.26834E+02    0.18917E+00
    0.27376E+02    0.18065E+00
    0.27929E+02    0.17250E+00
    0.28493E+02    0.16472E+00
    0.29069E+02    0.15727E+00
    0.29656E+02    0.15015E+00
    0.30255E+02    0.14335E+00
    0.30866E+02    0.13685E+00
    0.31490E+02    0.13063E+00
    0.32126E+02    0.12469E+00
    0.32775E+02    0.11901E+00
    0.33437E+02    0.11359E+00
    0.34112E+02    0.10840E+00
    0.34801E+02    0.10345E+00
    0.35504E+02    0.98723E-01
    0.36222E+02    0.94205E-01
    0.36953E+02    0.89890E-01
    0.37700E+02    0.85768E-01
    0.38462E+02    0.81832E-01
    0.39239E+02    0.78074E-01
    0.40031E+02    0.74485E-01
    0.40840E+02    0.71058E-01
    0.41665E+02    0.67786E-01
    0.42507E+02    0.64662E-01
    0.43365E+02    0.61680E-01
    0.44241E+02    0.58833E-01
    0.45135E+02    0.56116E-01
    0.46047E+02    0.53522E-01
    0.46977E+02    0.51047E-01
    0.47926E+02    0.48684E-01
    0.48894E+02    0.46430E-01
    0.49882E+02    0.44278E-01
    0.50890E+02    0.42225E-01
    0.51918E+02    0.40266E-01
    0.52966E+02    0.38397E-01
    0.54036E+02    0.36613E-01
    0.55128E+02    0.34912E-01
    0.56242E+02    0.33288E-01
    0.57378E+02    0.31740E-01
    0.58537E+02    0.30262E-01
    0.59720E+02    0.28853E-01
    0.60926E+02    0.27509E-01
    0.62157E+02    0.26227E-01
    0.63412E+02    0.25003E-01
    0.64693E+02    0.23837E-01
    0.66000E+02    0.22724E-01
    0.67334E+02    0.21663E-01
    0.68694E+02    0.20651E-01
    0.70082E+02    0.19686E-01
    0.71497E+02    0.18766E-01
    0.72942E+02    0.17888E-01
    0.74415E+02    0.17051E-01
    0.75918E+02    0.16254E-01
    0.77452E+02    0.15493E-01
    0.79017E+02    0.14767E-01
    0.80613E+02    0.14075E-01
    0.82241E+02    0.13416E-01
    0.83903E+02    0.12787E-01
    0.85598E+02    0.12187E-01
    0.87327E+02    0.11616E-01
    0.89091E+02    0.11071E-01
    0.90891E+02    0.10551E-01
    0.92727E+02    0.10056E-01
    0.94600E+02    0.95838E-02
    0.96511E+02    0.91337E-02
    0.98461E+02    0.87046E-02
    0.10045E+03    0.82956E-02
    0.10248E+03    0.79058E-02
    0.10455E+03    0.75341E-02
    0.10666E+03    0.71799E-02
    0.10882E+03    0.68422E-02
    0.11101E+03    0.65204E-02
    0.11326E+03    0.62136E-02
    0.11554E+03    0.59213E-02
    0.11788E+03    0.56426E-02
    0.12026E+03    0.53770E-02
    0.12269E+03    0.51238E-02
    0.12517E+03    0.48825E-02
    0.12770E+03    0.46526E-02
    0.13028E+03    0.44334E-02
    0.13291E+03    0.42245E-02
    0.13559E+03    0.40255E-02
    0.13833E+03    0.38358E-02
    0.14113E+03    0.36550E-02
    0.14398E+03    0.34827E-02
    0.14689E+03    0.33185E-02
    0.14985E+03    0.31620E-02
    0.15288E+03    0.30129E-02
    0.15597E+03    0.28708E-02
    0.15912E+03    0.27354E-02
    0.16233E+03    0.26063E-02
    0.16561E+03    0.24834E-02
    0.16896E+03    0.23662E-02
    0.17237E+03    0.22545E-02
    0.17585E+03    0.21481E-02
    0.17941E+03    0.20467E-02
    0.18303E+03    0.19501E-02
    0.18673E+03    0.18580E-02
    0.19050E+03    0.17703E-02
    0.19435E+03    0.16867E-02
    0.19828E+03    0.16070E-02
    0.20228E+03    0.15311E-02
    0.20637E+03    0.14588E-02
    0.21054E+03    0.13899E-02
    0.21479E+03    0.13243E-02
    0.21913E+03    0.12617E-02
    0.22356E+03    0.12021E-02
    0.22807E+03    0.11453E-02
    0.23268E+03    0.10912E-02
    0.23738E+03    0.10396E-02
    0.24217E+03    0.99047E-03
    0.24707E+03    0.94365E-03
    0.25206E+03    0.89905E-03
    0.25715E+03    0.85655E-03
    0.26234E+03    0.81606E-03
    0.26764E+03    0.77748E-03
    0.27305E+03    0.74072E-03
    0.27857E+03    0.70570E-03
    0.28419E+03    0.67233E-03
    0.28994E+03    0.64054E-03
    0.29579E+03    0.61025E-03
    0.30177E+03    0.58139E-03
    0.30786E+03    0.55390E-03
    0.31408E+03    0.52770E-03
    0.32043E+03    0.50274E-03
    0.32690E+03    0.47896E-03
    0.33351E+03    0.45631E-03
    0.34024E+03    0.43472E-03
    0.34712E+03    0.41416E-03
    0.35413E+03    0.39457E-03
    0.36128E+03    0.37590E-03
    0.36858E+03    0.35812E-03
    0.37603E+03    0.34117E-03
    0.38362E+03    0.32503E-03
    0.39137E+03    0.30965E-03
    0.39928E+03    0.29500E-03
    0.40734E+03    0.28104E-03
    0.41557E+03    0.26774E-03
    0.42397E+03    0.25507E-03
    0.43253E+03    0.24300E-03
    0.44127E+03    0.23150E-03
    0.45019E+03    0.22055E-03
    0.45928E+03    0.21011E-03
    0.46856E+03    0.20016E-03
    0.47802E+03    0.19069E-03
    0.48768E+03    0.18167E-03
    0.49753E+03    0.17307E-03
    0.50758E+03    0.16488E-03
    0.51784E+03    0.15707E-03
    0.52830E+03    0.14964E-03
    0.53897E+03    0.14255E-03
    0.54986E+03    0.13581E-03
    0.56097E+03    0.12938E-03
    0.57230E+03    0.12325E-03
    0.58386E+03    0.11742E-03
    0.59565E+03    0.11186E-03
    0.60769E+03    0.10656E-03
    0.61996E+03    0.10152E-03
    0.63249E+03    0.96713E-04
    0.64526E+03    0.92134E-04
    0.65830E+03    0.87772E-04
    0.67160E+03    0.83616E-04
    0.68516E+03    0.79658E-04
    0.69901E+03    0.75886E-04
    0.71313E+03    0.72293E-04
    0.72753E+03    0.68870E-04
    0.74223E+03    0.65609E-04
    0.75722E+03    0.62503E-04
    0.77252E+03    0.59543E-04
    0.78813E+03    0.56724E-04
    0.80405E+03    0.54038E-04
    0.82029E+03    0.51479E-04
    0.83686E+03    0.49042E-04
    0.85377E+03    0.46719E-04
    0.87101E+03    0.44507E-04
    0.88861E+03    0.42400E-04
    0.90656E+03    0.40392E-04
    0.92488E+03    0.38479E-04
    0.94356E+03    0.36657E-04
    0.96262E+03    0.34921E-04
    0.98207E+03    0.33267E-04
    0.10019E+04    0.31692E-04
    0.10221E+04    0.30191E-04
    0.10428E+04    0.28761E-04
    0.10639E+04    0.27399E-04
    0.10854E+04    0.26102E-04
    0.11073E+04    0.24866E-04
    0.11296E+04    0.23688E-04
    0.11525E+04    0.22566E-04
    0.11757E+04    0.21498E-04
    0.11995E+04    0.20479E-04
    0.12237E+04    0.19510E-04
    0.12485E+04    0.18586E-04
    0.12737E+04    0.17705E-04
    0.12994E+04    0.16867E-04
    0.13257E+04    0.16068E-04
    0.13524E+04    0.15307E-04
    0.13798E+04    0.14582E-04
    0.14076E+04    0.13891E-04
    0.14361E+04    0.13233E-04
    0.14651E+04    0.12607E-04
    0.14947E+04    0.12010E-04
    0.15249E+04    0.11441E-04
    0.15557E+04    0.10899E-04
    0.15871E+04    0.10383E-04
    0.16192E+04    0.98910E-05
    0.16519E+04    0.94225E-05
    0.16852E+04    0.89763E-05
    0.17193E+04    0.85511E-05
    0.17540E+04    0.81461E-05
    0.17894E+04    0.77603E-05
    0.18256E+04    0.73927E-05
    0.18625E+04    0.70426E-05
    0.19001E+04    0.67090E-05
    0.19385E+04    0.63912E-05
    0.19776E+04    0.60885E-05
    0.20176E+04    0.58001E-05
    0.20583E+04    0.55254E-05
    0.20999E+04    0.52637E-05
    0.21424E+04    0.50144E-05
    0.21856E+04    0.47769E-05
    0.22298E+04    0.45506E-05
    0.22748E+04    0.43351E-05
    0.23208E+04    0.41297E-05
    0.23677E+04    0.39341E-05
    0.24155E+04    0.37478E-05
    0.24643E+04    0.35703E-05
    0.25141E+04    0.34011E-05
    0.25649E+04    0.32400E-05
    0.26167E+04    0.30866E-05
    0.26695E+04    0.29404E-05
    0.27235E+04    0.28011E-05
    0.27785E+04    0.26684E-05
    0.28346E+04    0.25420E-05
    0.28919E+04    0.24216E-05
    0.29503E+04    0.23069E-05
    0.30099E+04    0.21976E-05
    0.30707E+04    0.20935E-05
    0.31327E+04    0.19944E-05
    0.31960E+04    0.18999E-05
    0.32606E+04    0.18099E-05
    0.33264E+04    0.17242E-05
    0.33936E+04    0.16425E-05
    0.34622E+04    0.15647E-05
    0.35321E+04    0.14906E-05
    0.36035E+04    0.14200E-05
    0.36763E+04    0.13527E-05
    0.37506E+04    0.12887E-05
    0.38263E+04    0.12276E-05
    0.39036E+04    0.11695E-05
    0.39825E+04    0.11141E-05
    0.40629E+04    0.10613E-05
    0.41450E+04    0.10110E-05
    0.42287E+04    0.96313E-06
    0.43142E+04    0.91751E-06
    0.44013E+04    0.87405E-06
    0.44902E+04    0.83265E-06
    0.45809E+04    0.79321E-06
    0.46735E+04    0.75563E-06
    0.47679E+04    0.71984E-06
    0.48642E+04    0.68574E-06
    0.49625E+04    0.65326E-06
    0.50627E+04    0.62231E-06
    0.51650E+04    0.59284E-06
    0.52693E+04    0.56475E-06
    0.53758E+04    0.53800E-06
    0.54844E+04    0.51252E-06
    0.55952E+04    0.48824E-06
    0.57082E+04    0.46511E-06
    0.58235E+04    0.44308E-06
    0.59412E+04    0.42209E-06
    0.60612E+04    0.40210E-06
    0.61836E+04    0.38305E-06
    0.63085E+04    0.36491E-06
    0.64360E+04    0.34762E-06
    0.65660E+04    0.33115E-06
    0.66986E+04    0.31547E-06
    0.68340E+04    0.30052E-06
    0.69720E+04    0.28629E-06
    0.71129E+04    0.27273E-06
    0.72566E+04    0.25981E-06
