    0.10000E-03    0.26539E+03
    0.10202E-03    0.27057E+03
    0.10408E-03    0.27586E+03
    0.10618E-03    0.28125E+03
    0.10833E-03    0.28675E+03
    0.11052E-03    0.29235E+03
    0.11275E-03    0.29806E+03
    0.11503E-03    0.30388E+03
    0.11735E-03    0.30982E+03
    0.11972E-03    0.31587E+03
    0.12214E-03    0.32204E+03
    0.12461E-03    0.32833E+03
    0.12712E-03    0.33474E+03
    0.12969E-03    0.34128E+03
    0.13231E-03    0.34795E+03
    0.13499E-03    0.35474E+03
    0.13771E-03    0.36167E+03
    0.14049E-03    0.36874E+03
    0.14333E-03    0.37594E+03
    0.14623E-03    0.38328E+03
    0.14918E-03    0.39076E+03
    0.15220E-03    0.39839E+03
    0.15527E-03    0.40617E+03
    0.15841E-03    0.41410E+03
    0.16161E-03    0.42219E+03
    0.16487E-03    0.43043E+03
    0.16820E-03    0.43883E+03
    0.17160E-03    0.44740E+03
    0.17507E-03    0.45613E+03
    0.17860E-03    0.46503E+03
    0.18221E-03    0.47411E+03
    0.18589E-03    0.48336E+03
    0.18965E-03    0.49280E+03
    0.19348E-03    0.50241E+03
    0.19739E-03    0.51221E+03
    0.20138E-03    0.52221E+03
    0.20544E-03    0.53240E+03
    0.20959E-03    0.54278E+03
    0.21383E-03    0.55337E+03
    0.21815E-03    0.56416E+03
    0.22255E-03    0.57516E+03
    0.22705E-03    0.58638E+03
    0.23164E-03    0.59781E+03
    0.23632E-03    0.60947E+03
    0.24109E-03    0.62135E+03
    0.24596E-03    0.63346E+03
    0.25093E-03    0.64580E+03
    0.25600E-03    0.65839E+03
    0.26117E-03    0.67122E+03
    0.26645E-03    0.68430E+03
    0.27183E-03    0.69762E+03
    0.27732E-03    0.71121E+03
    0.28292E-03    0.72506E+03
    0.28864E-03    0.73918E+03
    0.29447E-03    0.75357E+03
    0.30042E-03    0.76824E+03
    0.30649E-03    0.78319E+03
    0.31268E-03    0.79843E+03
    0.31899E-03    0.81396E+03
    0.32544E-03    0.82980E+03
    0.33201E-03    0.84593E+03
    0.33872E-03    0.86238E+03
    0.34556E-03    0.87915E+03
    0.35254E-03    0.89623E+03
    0.35966E-03    0.91365E+03
    0.36693E-03    0.93140E+03
    0.37434E-03    0.94948E+03
    0.38190E-03    0.96792E+03
    0.38962E-03    0.98671E+03
    0.39749E-03    0.10059E+04
    0.40552E-03    0.10254E+04
    0.41371E-03    0.10453E+04
    0.42207E-03    0.10655E+04
    0.43060E-03    0.10862E+04
    0.43929E-03    0.11072E+04
    0.44817E-03    0.11287E+04
    0.45722E-03    0.11505E+04
    0.46646E-03    0.11728E+04
    0.47588E-03    0.11955E+04
    0.48550E-03    0.12186E+04
    0.49530E-03    0.12422E+04
    0.50531E-03    0.12662E+04
    0.51552E-03    0.12907E+04
    0.52593E-03    0.13156E+04
    0.53656E-03    0.13410E+04
    0.54739E-03    0.13669E+04
    0.55845E-03    0.13932E+04
    0.56973E-03    0.14201E+04
    0.58124E-03    0.14474E+04
    0.59299E-03    0.14753E+04
    0.60496E-03    0.15037E+04
    0.61719E-03    0.15326E+04
    0.62965E-03    0.15621E+04
    0.64237E-03    0.15921E+04
    0.65535E-03    0.16227E+04
    0.66859E-03    0.16538E+04
    0.68210E-03    0.16855E+04
    0.69588E-03    0.17178E+04
    0.70993E-03    0.17507E+04
    0.72427E-03    0.17842E+04
    0.73891E-03    0.18183E+04
    0.75383E-03    0.18531E+04
    0.76906E-03    0.18885E+04
    0.78460E-03    0.19245E+04
    0.80045E-03    0.19612E+04
    0.81662E-03    0.19986E+04
    0.83311E-03    0.20366E+04
    0.84994E-03    0.20753E+04
    0.86711E-03    0.21148E+04
    0.88463E-03    0.21549E+04
    0.90250E-03    0.21958E+04
    0.92073E-03    0.22374E+04
    0.93933E-03    0.22797E+04
    0.95831E-03    0.23228E+04
    0.97767E-03    0.23667E+04
    0.99742E-03    0.24113E+04
    0.10176E-02    0.24568E+04
    0.10381E-02    0.25030E+04
    0.10591E-02    0.25501E+04
    0.10805E-02    0.25980E+04
    0.11023E-02    0.26467E+04
    0.11246E-02    0.26963E+04
    0.11473E-02    0.27468E+04
    0.11705E-02    0.27981E+04
    0.11941E-02    0.28503E+04
    0.12182E-02    0.29034E+04
    0.12429E-02    0.29575E+04
    0.12680E-02    0.30124E+04
    0.12936E-02    0.30683E+04
    0.13197E-02    0.31251E+04
    0.13464E-02    0.31829E+04
    0.13736E-02    0.32417E+04
    0.14013E-02    0.33014E+04
    0.14296E-02    0.33622E+04
    0.14585E-02    0.34239E+04
    0.14880E-02    0.34867E+04
    0.15180E-02    0.35505E+04
    0.15487E-02    0.36154E+04
    0.15800E-02    0.36813E+04
    0.16119E-02    0.37482E+04
    0.16445E-02    0.38163E+04
    0.16777E-02    0.38854E+04
    0.17116E-02    0.39557E+04
    0.17462E-02    0.40270E+04
    0.17814E-02    0.40995E+04
    0.18174E-02    0.41731E+04
    0.18541E-02    0.42478E+04
    0.18916E-02    0.43237E+04
    0.19298E-02    0.44007E+04
    0.19688E-02    0.44789E+04
    0.20086E-02    0.45583E+04
    0.20491E-02    0.46389E+04
    0.20905E-02    0.47207E+04
    0.21328E-02    0.48037E+04
    0.21758E-02    0.48878E+04
    0.22198E-02    0.49733E+04
    0.22646E-02    0.50599E+04
    0.23104E-02    0.51477E+04
    0.23571E-02    0.52368E+04
    0.24047E-02    0.53272E+04
    0.24533E-02    0.54187E+04
    0.25028E-02    0.55115E+04
    0.25534E-02    0.56056E+04
    0.26050E-02    0.57009E+04
    0.26576E-02    0.57975E+04
    0.27113E-02    0.58953E+04
    0.27660E-02    0.59944E+04
    0.28219E-02    0.60947E+04
    0.28789E-02    0.61963E+04
    0.29371E-02    0.62992E+04
    0.29964E-02    0.64033E+04
    0.30569E-02    0.65086E+04
    0.31187E-02    0.66152E+04
    0.31817E-02    0.67230E+04
    0.32460E-02    0.68320E+04
    0.33115E-02    0.69423E+04
    0.33784E-02    0.70538E+04
    0.34467E-02    0.71664E+04
    0.35163E-02    0.72803E+04
    0.35874E-02    0.73953E+04
    0.36598E-02    0.75114E+04
    0.37338E-02    0.76288E+04
    0.38092E-02    0.77472E+04
    0.38861E-02    0.78667E+04
    0.39646E-02    0.79874E+04
    0.40447E-02    0.81091E+04
    0.41264E-02    0.82318E+04
    0.42098E-02    0.83556E+04
    0.42948E-02    0.84804E+04
    0.43816E-02    0.86061E+04
    0.44701E-02    0.87328E+04
    0.45604E-02    0.88605E+04
    0.46525E-02    0.89884E+04
    0.47465E-02    0.91179E+04
    0.48424E-02    0.92503E+04
    0.49402E-02    0.93768E+04
    0.50400E-02    0.94942E+04
    0.51419E-02    0.96187E+04
    0.52457E-02    0.97528E+04
    0.53517E-02    0.98863E+04
    0.54598E-02    0.10019E+05
    0.55701E-02    0.10152E+05
    0.56826E-02    0.10287E+05
    0.57974E-02    0.10421E+05
    0.59145E-02    0.10556E+05
    0.60340E-02    0.10691E+05
    0.61559E-02    0.10826E+05
    0.62803E-02    0.10961E+05
    0.64072E-02    0.11096E+05
    0.65366E-02    0.11231E+05
    0.66686E-02    0.11366E+05
    0.68033E-02    0.11501E+05
    0.69408E-02    0.11635E+05
    0.70810E-02    0.11770E+05
    0.72240E-02    0.11903E+05
    0.73700E-02    0.12036E+05
    0.75189E-02    0.12169E+05
    0.76708E-02    0.12300E+05
    0.78257E-02    0.12431E+05
    0.79838E-02    0.12561E+05
    0.81451E-02    0.12690E+05
    0.83096E-02    0.12818E+05
    0.84775E-02    0.12944E+05
    0.86488E-02    0.13069E+05
    0.88235E-02    0.13193E+05
    0.90017E-02    0.13315E+05
    0.91836E-02    0.13435E+05
    0.93691E-02    0.13553E+05
    0.95583E-02    0.13670E+05
    0.97514E-02    0.13784E+05
    0.99484E-02    0.13896E+05
    0.10149E-01    0.14005E+05
    0.10354E-01    0.14112E+05
    0.10564E-01    0.14216E+05
    0.10777E-01    0.14317E+05
    0.10995E-01    0.14415E+05
    0.11217E-01    0.14511E+05
    0.11443E-01    0.14602E+05
    0.11675E-01    0.14691E+05
    0.11910E-01    0.14775E+05
    0.12151E-01    0.14856E+05
    0.12397E-01    0.14933E+05
    0.12647E-01    0.15005E+05
    0.12902E-01    0.15074E+05
    0.13163E-01    0.15137E+05
    0.13429E-01    0.15197E+05
    0.13700E-01    0.15251E+05
    0.13977E-01    0.15300E+05
    0.14259E-01    0.15344E+05
    0.14547E-01    0.15383E+05
    0.14841E-01    0.15416E+05
    0.15141E-01    0.15444E+05
    0.15447E-01    0.15466E+05
    0.15759E-01    0.15481E+05
    0.16077E-01    0.15491E+05
    0.16402E-01    0.15494E+05
    0.16734E-01    0.15491E+05
    0.17072E-01    0.15482E+05
    0.17416E-01    0.15465E+05
    0.17768E-01    0.15442E+05
    0.18127E-01    0.15412E+05
    0.18493E-01    0.15374E+05
    0.18867E-01    0.15330E+05
    0.19248E-01    0.15278E+05
    0.19637E-01    0.15220E+05
    0.20034E-01    0.15153E+05
    0.20438E-01    0.15080E+05
    0.20851E-01    0.14999E+05
    0.21272E-01    0.14910E+05
    0.21702E-01    0.14814E+05
    0.22141E-01    0.14711E+05
    0.22588E-01    0.14601E+05
    0.23044E-01    0.14483E+05
    0.23510E-01    0.14358E+05
    0.23985E-01    0.14226E+05
    0.24469E-01    0.14088E+05
    0.24964E-01    0.13942E+05
    0.25468E-01    0.13791E+05
    0.25982E-01    0.13633E+05
    0.26507E-01    0.13469E+05
    0.27043E-01    0.13300E+05
    0.27589E-01    0.13125E+05
    0.28146E-01    0.12945E+05
    0.28715E-01    0.12761E+05
    0.29295E-01    0.12572E+05
    0.29887E-01    0.12380E+05
    0.30490E-01    0.12184E+05
    0.31106E-01    0.11986E+05
    0.31735E-01    0.11785E+05
    0.32376E-01    0.11582E+05
    0.33030E-01    0.11378E+05
    0.33697E-01    0.11174E+05
    0.34378E-01    0.10969E+05
    0.35072E-01    0.10765E+05
    0.35781E-01    0.10561E+05
    0.36504E-01    0.10359E+05
    0.37241E-01    0.10158E+05
    0.37993E-01    0.99590E+04
    0.38761E-01    0.97618E+04
    0.39544E-01    0.95683E+04
    0.40343E-01    0.93792E+04
    0.41158E-01    0.91948E+04
    0.41989E-01    0.90157E+04
    0.42838E-01    0.88424E+04
    0.43703E-01    0.86752E+04
    0.44586E-01    0.85142E+04
    0.45486E-01    0.83598E+04
    0.46405E-01    0.82119E+04
    0.47343E-01    0.80705E+04
    0.48299E-01    0.79354E+04
    0.49275E-01    0.78064E+04
    0.50270E-01    0.76831E+04
    0.51286E-01    0.75652E+04
    0.52322E-01    0.74522E+04
    0.53379E-01    0.73437E+04
    0.54457E-01    0.72393E+04
    0.55557E-01    0.71385E+04
    0.56680E-01    0.70407E+04
    0.57825E-01    0.69470E+04
    0.58993E-01    0.68591E+04
    0.60184E-01    0.67737E+04
    0.61400E-01    0.66859E+04
    0.62641E-01    0.65944E+04
    0.63906E-01    0.65008E+04
    0.65197E-01    0.64051E+04
    0.66514E-01    0.63059E+04
    0.67858E-01    0.62021E+04
    0.69229E-01    0.60930E+04
    0.70627E-01    0.59781E+04
    0.72054E-01    0.58570E+04
    0.73510E-01    0.57295E+04
    0.74994E-01    0.55955E+04
    0.76509E-01    0.54554E+04
    0.78055E-01    0.53097E+04
    0.79632E-01    0.51591E+04
    0.81241E-01    0.50047E+04
    0.82882E-01    0.48476E+04
    0.84556E-01    0.46891E+04
    0.86264E-01    0.45306E+04
    0.88007E-01    0.43735E+04
    0.89785E-01    0.42193E+04
    0.91598E-01    0.40695E+04
    0.93449E-01    0.39254E+04
    0.95337E-01    0.37884E+04
    0.97263E-01    0.36597E+04
    0.99227E-01    0.35402E+04
    0.10123E+00    0.34307E+04
    0.10328E+00    0.33314E+04
    0.10536E+00    0.32424E+04
    0.10749E+00    0.31631E+04
    0.10966E+00    0.30928E+04
    0.11188E+00    0.30305E+04
    0.11414E+00    0.29746E+04
    0.11644E+00    0.29238E+04
    0.11880E+00    0.28763E+04
    0.12120E+00    0.28302E+04
    0.12365E+00    0.27835E+04
    0.12614E+00    0.27341E+04
    0.12869E+00    0.26803E+04
    0.13129E+00    0.26204E+04
    0.13394E+00    0.25537E+04
    0.13665E+00    0.24803E+04
    0.13941E+00    0.24010E+04
    0.14223E+00    0.23175E+04
    0.14510E+00    0.22317E+04
    0.14803E+00    0.21457E+04
    0.15102E+00    0.20612E+04
    0.15407E+00    0.19802E+04
    0.15718E+00    0.19043E+04
    0.16036E+00    0.18351E+04
    0.16360E+00    0.17737E+04
    0.16690E+00    0.17207E+04
    0.17028E+00    0.16758E+04
    0.17371E+00    0.16377E+04
    0.17722E+00    0.16046E+04
    0.18080E+00    0.15742E+04
    0.18446E+00    0.15447E+04
    0.18818E+00    0.15140E+04
    0.19198E+00    0.14808E+04
    0.19586E+00    0.14438E+04
    0.19982E+00    0.14027E+04
    0.20386E+00    0.13578E+04
    0.20797E+00    0.13105E+04
    0.21218E+00    0.12626E+04
    0.21646E+00    0.12160E+04
    0.22083E+00    0.11724E+04
    0.22530E+00    0.11330E+04
    0.22985E+00    0.10987E+04
    0.23449E+00    0.10692E+04
    0.23923E+00    0.10439E+04
    0.24406E+00    0.10211E+04
    0.24899E+00    0.99913E+03
    0.25402E+00    0.97661E+03
    0.25915E+00    0.95245E+03
    0.26439E+00    0.92635E+03
    0.26973E+00    0.89852E+03
    0.27518E+00    0.86993E+03
    0.28074E+00    0.84175E+03
    0.28641E+00    0.81529E+03
    0.29219E+00    0.79136E+03
    0.29810E+00    0.77004E+03
    0.30412E+00    0.75097E+03
    0.31026E+00    0.73335E+03
    0.31653E+00    0.71631E+03
    0.32292E+00    0.69892E+03
    0.32945E+00    0.68076E+03
    0.33610E+00    0.66205E+03
    0.34289E+00    0.64328E+03
    0.34982E+00    0.62521E+03
    0.35689E+00    0.60831E+03
    0.36409E+00    0.59278E+03
    0.37145E+00    0.57843E+03
    0.37895E+00    0.56476E+03
    0.38661E+00    0.55134E+03
    0.39442E+00    0.53781E+03
    0.40239E+00    0.52422E+03
    0.41052E+00    0.51082E+03
    0.41881E+00    0.49791E+03
    0.42727E+00    0.48573E+03
    0.43590E+00    0.47424E+03
    0.44471E+00    0.46322E+03
    0.45369E+00    0.45247E+03
    0.46286E+00    0.44184E+03
    0.47221E+00    0.43136E+03
    0.48174E+00    0.42118E+03
    0.49148E+00    0.41138E+03
    0.50141E+00    0.40199E+03
    0.51153E+00    0.39294E+03
    0.52187E+00    0.38411E+03
    0.53241E+00    0.37547E+03
    0.54317E+00    0.36703E+03
    0.55414E+00    0.35884E+03
    0.56533E+00    0.35092E+03
    0.57675E+00    0.34324E+03
    0.58840E+00    0.33576E+03
    0.60029E+00    0.32847E+03
    0.61242E+00    0.32136E+03
    0.62479E+00    0.31444E+03
    0.63741E+00    0.30771E+03
    0.65029E+00    0.30116E+03
    0.66342E+00    0.29478E+03
    0.67683E+00    0.28855E+03
    0.69050E+00    0.28248E+03
    0.70445E+00    0.27655E+03
    0.71868E+00    0.27076E+03
    0.73320E+00    0.26511E+03
    0.74801E+00    0.25958E+03
    0.76312E+00    0.25418E+03
    0.77854E+00    0.24891E+03
    0.79426E+00    0.24375E+03
    0.81031E+00    0.23870E+03
    0.82668E+00    0.23377E+03
    0.84338E+00    0.22893E+03
    0.86041E+00    0.22420E+03
    0.87780E+00    0.21957E+03
    0.89553E+00    0.21503E+03
    0.91362E+00    0.21058E+03
    0.93208E+00    0.20622E+03
    0.95091E+00    0.20195E+03
    0.97011E+00    0.19775E+03
    0.98971E+00    0.19363E+03
    0.10097E+01    0.18959E+03
    0.10301E+01    0.18562E+03
    0.10509E+01    0.18173E+03
    0.10721E+01    0.17790E+03
    0.10938E+01    0.17414E+03
    0.11159E+01    0.17044E+03
    0.11384E+01    0.16681E+03
    0.11614E+01    0.16324E+03
    0.11849E+01    0.15973E+03
    0.12088E+01    0.15628E+03
    0.12333E+01    0.15289E+03
    0.12582E+01    0.14955E+03
    0.12836E+01    0.14627E+03
    0.13095E+01    0.14303E+03
    0.13360E+01    0.13986E+03
    0.13630E+01    0.13673E+03
    0.13905E+01    0.13365E+03
    0.14186E+01    0.13062E+03
    0.14472E+01    0.12765E+03
    0.14765E+01    0.12471E+03
    0.15063E+01    0.12183E+03
    0.15367E+01    0.11899E+03
    0.15678E+01    0.11620E+03
    0.15994E+01    0.11345E+03
    0.16318E+01    0.11075E+03
    0.16647E+01    0.10809E+03
    0.16984E+01    0.10547E+03
    0.17327E+01    0.10289E+03
    0.17677E+01    0.10036E+03
    0.18034E+01    0.97873E+02
    0.18398E+01    0.95425E+02
    0.18770E+01    0.93018E+02
    0.19149E+01    0.90651E+02
    0.19536E+01    0.88325E+02
    0.19930E+01    0.86039E+02
    0.20333E+01    0.83793E+02
    0.20744E+01    0.81586E+02
    0.21163E+01    0.79419E+02
    0.21590E+01    0.77290E+02
    0.22026E+01    0.75201E+02
    0.22471E+01    0.73150E+02
    0.22925E+01    0.71137E+02
    0.23388E+01    0.69163E+02
    0.23861E+01    0.67226E+02
    0.24343E+01    0.65327E+02
    0.24835E+01    0.63465E+02
    0.25336E+01    0.61640E+02
    0.25848E+01    0.59852E+02
    0.26370E+01    0.58101E+02
    0.26903E+01    0.56387E+02
    0.27447E+01    0.54708E+02
    0.28001E+01    0.53066E+02
    0.28567E+01    0.51460E+02
    0.29144E+01    0.49889E+02
    0.29733E+01    0.48353E+02
    0.30333E+01    0.46852E+02
    0.30946E+01    0.45386E+02
    0.31571E+01    0.43954E+02
    0.32209E+01    0.42557E+02
    0.32860E+01    0.41193E+02
    0.33523E+01    0.39862E+02
    0.34201E+01    0.38565E+02
    0.34892E+01    0.37300E+02
    0.35596E+01    0.36068E+02
    0.36316E+01    0.34867E+02
    0.37049E+01    0.33699E+02
    0.37798E+01    0.32561E+02
    0.38561E+01    0.31454E+02
    0.39340E+01    0.30377E+02
    0.40135E+01    0.29331E+02
    0.40946E+01    0.28313E+02
    0.41773E+01    0.27325E+02
    0.42617E+01    0.26365E+02
    0.43478E+01    0.25432E+02
    0.44356E+01    0.24528E+02
    0.45252E+01    0.23650E+02
    0.46166E+01    0.22799E+02
    0.47099E+01    0.21973E+02
    0.48050E+01    0.21174E+02
    0.49021E+01    0.20398E+02
    0.50011E+01    0.19648E+02
    0.51021E+01    0.18921E+02
    0.52052E+01    0.18217E+02
    0.53104E+01    0.17536E+02
    0.54176E+01    0.16877E+02
    0.55271E+01    0.16240E+02
    0.56387E+01    0.15624E+02
    0.57526E+01    0.15029E+02
    0.58689E+01    0.14453E+02
    0.59874E+01    0.13898E+02
    0.61084E+01    0.13361E+02
    0.62318E+01    0.12843E+02
    0.63577E+01    0.12343E+02
    0.64861E+01    0.11860E+02
    0.66171E+01    0.11395E+02
    0.67508E+01    0.10946E+02
    0.68872E+01    0.10513E+02
    0.70263E+01    0.10095E+02
    0.71682E+01    0.96929E+01
    0.73130E+01    0.93053E+01
    0.74608E+01    0.89320E+01
    0.76115E+01    0.85724E+01
    0.77653E+01    0.82261E+01
    0.79221E+01    0.78928E+01
    0.80822E+01    0.75720E+01
    0.82454E+01    0.72633E+01
    0.84120E+01    0.69663E+01
    0.85819E+01    0.66806E+01
    0.87553E+01    0.64058E+01
    0.89322E+01    0.61417E+01
    0.91126E+01    0.58877E+01
    0.92967E+01    0.56436E+01
    0.94845E+01    0.54090E+01
    0.96761E+01    0.51836E+01
    0.98716E+01    0.49671E+01
    0.10071E+02    0.47591E+01
    0.10274E+02    0.45594E+01
    0.10482E+02    0.43676E+01
    0.10694E+02    0.41834E+01
    0.10910E+02    0.40067E+01
    0.11130E+02    0.38371E+01
    0.11355E+02    0.36743E+01
    0.11584E+02    0.35181E+01
    0.11818E+02    0.33683E+01
    0.12057E+02    0.32246E+01
    0.12301E+02    0.30867E+01
    0.12549E+02    0.29545E+01
    0.12803E+02    0.28278E+01
    0.13061E+02    0.27063E+01
    0.13325E+02    0.25898E+01
    0.13594E+02    0.24781E+01
    0.13869E+02    0.23711E+01
    0.14149E+02    0.22686E+01
    0.14435E+02    0.21703E+01
    0.14727E+02    0.20762E+01
    0.15024E+02    0.19860E+01
    0.15328E+02    0.18996E+01
    0.15637E+02    0.18169E+01
    0.15953E+02    0.17377E+01
    0.16275E+02    0.16618E+01
    0.16604E+02    0.15891E+01
    0.16940E+02    0.15196E+01
    0.17282E+02    0.14530E+01
    0.17631E+02    0.13892E+01
    0.17987E+02    0.13282E+01
    0.18351E+02    0.12698E+01
    0.18721E+02    0.12139E+01
    0.19099E+02    0.11604E+01
    0.19485E+02    0.11092E+01
    0.19879E+02    0.10602E+01
    0.20280E+02    0.10134E+01
    0.20690E+02    0.96856E+00
    0.21108E+02    0.92568E+00
    0.21535E+02    0.88466E+00
    0.21970E+02    0.84543E+00
    0.22413E+02    0.80790E+00
    0.22866E+02    0.77201E+00
    0.23328E+02    0.73769E+00
    0.23799E+02    0.70487E+00
    0.24280E+02    0.67348E+00
    0.24771E+02    0.64347E+00
    0.25271E+02    0.61478E+00
    0.25782E+02    0.58735E+00
    0.26302E+02    0.56112E+00
    0.26834E+02    0.53605E+00
    0.27376E+02    0.51209E+00
    0.27929E+02    0.48918E+00
    0.28493E+02    0.46728E+00
    0.29069E+02    0.44635E+00
    0.29656E+02    0.42635E+00
    0.30255E+02    0.40724E+00
    0.30866E+02    0.38897E+00
    0.31490E+02    0.37151E+00
    0.32126E+02    0.35482E+00
    0.32775E+02    0.33888E+00
    0.33437E+02    0.32365E+00
    0.34112E+02    0.30909E+00
    0.34801E+02    0.29518E+00
    0.35504E+02    0.28190E+00
    0.36222E+02    0.26920E+00
    0.36953E+02    0.25707E+00
    0.37700E+02    0.24549E+00
    0.38462E+02    0.23442E+00
    0.39239E+02    0.22384E+00
    0.40031E+02    0.21374E+00
    0.40840E+02    0.20410E+00
    0.41665E+02    0.19488E+00
    0.42507E+02    0.18608E+00
    0.43365E+02    0.17767E+00
    0.44241E+02    0.16964E+00
    0.45135E+02    0.16197E+00
    0.46047E+02    0.15464E+00
    0.46977E+02    0.14764E+00
    0.47926E+02    0.14096E+00
    0.48894E+02    0.13458E+00
    0.49882E+02    0.12849E+00
    0.50890E+02    0.12267E+00
    0.51918E+02    0.11711E+00
    0.52966E+02    0.11180E+00
    0.54036E+02    0.10673E+00
    0.55128E+02    0.10189E+00
    0.56242E+02    0.97272E-01
    0.57378E+02    0.92860E-01
    0.58537E+02    0.88646E-01
    0.59720E+02    0.84623E-01
    0.60926E+02    0.80782E-01
    0.62157E+02    0.77114E-01
    0.63412E+02    0.73612E-01
    0.64693E+02    0.70269E-01
    0.66000E+02    0.67076E-01
    0.67334E+02    0.64029E-01
    0.68694E+02    0.61119E-01
    0.70082E+02    0.58341E-01
    0.71497E+02    0.55688E-01
    0.72942E+02    0.53156E-01
    0.74415E+02    0.50739E-01
    0.75918E+02    0.48431E-01
    0.77452E+02    0.46228E-01
    0.79017E+02    0.44125E-01
    0.80613E+02    0.42117E-01
    0.82241E+02    0.40200E-01
    0.83903E+02    0.38370E-01
    0.85598E+02    0.36623E-01
    0.87327E+02    0.34956E-01
    0.89091E+02    0.33364E-01
    0.90891E+02    0.31845E-01
    0.92727E+02    0.30395E-01
    0.94600E+02    0.29010E-01
    0.96511E+02    0.27688E-01
    0.98461E+02    0.26427E-01
    0.10045E+03    0.25223E-01
    0.10248E+03    0.24073E-01
    0.10455E+03    0.22976E-01
    0.10666E+03    0.21929E-01
    0.10882E+03    0.20929E-01
    0.11101E+03    0.19975E-01
    0.11326E+03    0.19064E-01
    0.11554E+03    0.18195E-01
    0.11788E+03    0.17365E-01
    0.12026E+03    0.16573E-01
    0.12269E+03    0.15818E-01
    0.12517E+03    0.15096E-01
    0.12770E+03    0.14407E-01
    0.13028E+03    0.13750E-01
    0.13291E+03    0.13123E-01
    0.13559E+03    0.12524E-01
    0.13833E+03    0.11953E-01
    0.14113E+03    0.11407E-01
    0.14398E+03    0.10887E-01
    0.14689E+03    0.10390E-01
    0.14985E+03    0.99156E-02
    0.15288E+03    0.94631E-02
    0.15597E+03    0.90311E-02
    0.15912E+03    0.86189E-02
    0.16233E+03    0.82254E-02
    0.16561E+03    0.78499E-02
    0.16896E+03    0.74915E-02
    0.17237E+03    0.71494E-02
    0.17585E+03    0.68230E-02
    0.17941E+03    0.65114E-02
    0.18303E+03    0.62141E-02
    0.18673E+03    0.59303E-02
    0.19050E+03    0.56595E-02
    0.19435E+03    0.54010E-02
    0.19828E+03    0.51543E-02
    0.20228E+03    0.49189E-02
    0.20637E+03    0.46942E-02
    0.21054E+03    0.44798E-02
    0.21479E+03    0.42751E-02
    0.21913E+03    0.40798E-02
    0.22356E+03    0.38934E-02
    0.22807E+03    0.37156E-02
    0.23268E+03    0.35458E-02
    0.23738E+03    0.33838E-02
    0.24217E+03    0.32292E-02
    0.24707E+03    0.30817E-02
    0.25206E+03    0.29409E-02
    0.25715E+03    0.28065E-02
    0.26234E+03    0.26782E-02
    0.26764E+03    0.25558E-02
    0.27305E+03    0.24390E-02
    0.27857E+03    0.23276E-02
    0.28419E+03    0.22212E-02
    0.28994E+03    0.21197E-02
    0.29579E+03    0.20228E-02
    0.30177E+03    0.19304E-02
    0.30786E+03    0.18421E-02
    0.31408E+03    0.17579E-02
    0.32043E+03    0.16776E-02
    0.32690E+03    0.16009E-02
    0.33351E+03    0.15277E-02
    0.34024E+03    0.14579E-02
    0.34712E+03    0.13913E-02
    0.35413E+03    0.13277E-02
    0.36128E+03    0.12670E-02
    0.36858E+03    0.12091E-02
    0.37603E+03    0.11538E-02
    0.38362E+03    0.11010E-02
    0.39137E+03    0.10507E-02
    0.39928E+03    0.10027E-02
    0.40734E+03    0.95683E-03
    0.41557E+03    0.91309E-03
    0.42397E+03    0.87134E-03
    0.43253E+03    0.83150E-03
    0.44127E+03    0.79349E-03
    0.45019E+03    0.75721E-03
    0.45928E+03    0.72259E-03
    0.46856E+03    0.68955E-03
    0.47802E+03    0.65802E-03
    0.48768E+03    0.62794E-03
    0.49753E+03    0.59922E-03
    0.50758E+03    0.57182E-03
    0.51784E+03    0.54568E-03
    0.52830E+03    0.52073E-03
    0.53897E+03    0.49692E-03
    0.54986E+03    0.47419E-03
    0.56097E+03    0.45251E-03
    0.57230E+03    0.43182E-03
    0.58386E+03    0.41207E-03
    0.59565E+03    0.39323E-03
    0.60769E+03    0.37525E-03
    0.61996E+03    0.35809E-03
    0.63249E+03    0.34171E-03
    0.64526E+03    0.32609E-03
    0.65830E+03    0.31117E-03
    0.67160E+03    0.29694E-03
    0.68516E+03    0.28337E-03
    0.69901E+03    0.27041E-03
    0.71313E+03    0.25804E-03
    0.72753E+03    0.24624E-03
    0.74223E+03    0.23498E-03
    0.75722E+03    0.22423E-03
    0.77252E+03    0.21398E-03
    0.78813E+03    0.20419E-03
    0.80405E+03    0.19485E-03
    0.82029E+03    0.18594E-03
    0.83686E+03    0.17744E-03
    0.85377E+03    0.16932E-03
    0.87101E+03    0.16158E-03
    0.88861E+03    0.15419E-03
    0.90656E+03    0.14714E-03
    0.92488E+03    0.14041E-03
    0.94356E+03    0.13399E-03
    0.96262E+03    0.12786E-03
    0.98207E+03    0.12201E-03
    0.10019E+04    0.11643E-03
    0.10221E+04    0.11111E-03
    0.10428E+04    0.10602E-03
    0.10639E+04    0.10118E-03
    0.10854E+04    0.96548E-04
    0.11073E+04    0.92132E-04
    0.11296E+04    0.87918E-04
    0.11525E+04    0.83897E-04
    0.11757E+04    0.80060E-04
    0.11995E+04    0.76398E-04
    0.12237E+04    0.72904E-04
    0.12485E+04    0.69569E-04
    0.12737E+04    0.66387E-04
    0.12994E+04    0.63351E-04
    0.13257E+04    0.60453E-04
    0.13524E+04    0.57688E-04
    0.13798E+04    0.55050E-04
    0.14076E+04    0.52532E-04
    0.14361E+04    0.50129E-04
    0.14651E+04    0.47836E-04
    0.14947E+04    0.45648E-04
    0.15249E+04    0.43560E-04
    0.15557E+04    0.41568E-04
    0.15871E+04    0.39667E-04
    0.16192E+04    0.37852E-04
    0.16519E+04    0.36121E-04
    0.16852E+04    0.34469E-04
    0.17193E+04    0.32892E-04
    0.17540E+04    0.31388E-04
    0.17894E+04    0.29952E-04
    0.18256E+04    0.28582E-04
    0.18625E+04    0.27275E-04
    0.19001E+04    0.26027E-04
    0.19385E+04    0.24837E-04
    0.19776E+04    0.23701E-04
    0.20176E+04    0.22616E-04
    0.20583E+04    0.21582E-04
    0.20999E+04    0.20595E-04
    0.21424E+04    0.19653E-04
    0.21856E+04    0.18754E-04
    0.22298E+04    0.17896E-04
    0.22748E+04    0.17077E-04
    0.23208E+04    0.16296E-04
    0.23677E+04    0.15551E-04
    0.24155E+04    0.14840E-04
    0.24643E+04    0.14161E-04
    0.25141E+04    0.13513E-04
    0.25649E+04    0.12895E-04
    0.26167E+04    0.12305E-04
    0.26695E+04    0.11742E-04
    0.27235E+04    0.11205E-04
    0.27785E+04    0.10693E-04
    0.28346E+04    0.10203E-04
    0.28919E+04    0.97368E-05
    0.29503E+04    0.92914E-05
    0.30099E+04    0.88664E-05
    0.30707E+04    0.84608E-05
    0.31327E+04    0.80738E-05
    0.31960E+04    0.77045E-05
    0.32606E+04    0.73521E-05
    0.33264E+04    0.70158E-05
    0.33936E+04    0.66948E-05
    0.34622E+04    0.63886E-05
    0.35321E+04    0.60964E-05
    0.36035E+04    0.58175E-05
    0.36763E+04    0.55514E-05
    0.37506E+04    0.52975E-05
    0.38263E+04    0.50552E-05
    0.39036E+04    0.48239E-05
    0.39825E+04    0.46033E-05
    0.40629E+04    0.43927E-05
    0.41450E+04    0.41918E-05
    0.42287E+04    0.40000E-05
    0.43142E+04    0.38170E-05
    0.44013E+04    0.36424E-05
    0.44902E+04    0.34758E-05
    0.45809E+04    0.33168E-05
    0.46735E+04    0.31651E-05
    0.47679E+04    0.30203E-05
    0.48642E+04    0.28822E-05
    0.49625E+04    0.27503E-05
    0.50627E+04    0.26245E-05
    0.51650E+04    0.25045E-05
    0.52693E+04    0.23899E-05
    0.53758E+04    0.22806E-05
    0.54844E+04    0.21763E-05
    0.55952E+04    0.20767E-05
    0.57082E+04    0.19817E-05
    0.58235E+04    0.18911E-05
    0.59412E+04    0.18046E-05
    0.60612E+04    0.17220E-05
    0.61836E+04    0.16433E-05
    0.63085E+04    0.15681E-05
    0.64360E+04    0.14964E-05
    0.65660E+04    0.14279E-05
    0.66986E+04    0.13626E-05
    0.68340E+04    0.13003E-05
    0.69720E+04    0.12408E-05
    0.71129E+04    0.11840E-05
    0.72566E+04    0.11299E-05
