    0.10000E-03    0.15580E+03
    0.10202E-03    0.15884E+03
    0.10408E-03    0.16195E+03
    0.10618E-03    0.16511E+03
    0.10833E-03    0.16834E+03
    0.11052E-03    0.17162E+03
    0.11275E-03    0.17498E+03
    0.11503E-03    0.17840E+03
    0.11735E-03    0.18188E+03
    0.11972E-03    0.18543E+03
    0.12214E-03    0.18906E+03
    0.12461E-03    0.19275E+03
    0.12712E-03    0.19652E+03
    0.12969E-03    0.20035E+03
    0.13231E-03    0.20427E+03
    0.13499E-03    0.20826E+03
    0.13771E-03    0.21232E+03
    0.14049E-03    0.21647E+03
    0.14333E-03    0.22070E+03
    0.14623E-03    0.22501E+03
    0.14918E-03    0.22940E+03
    0.15220E-03    0.23388E+03
    0.15527E-03    0.23845E+03
    0.15841E-03    0.24311E+03
    0.16161E-03    0.24785E+03
    0.16487E-03    0.25269E+03
    0.16820E-03    0.25763E+03
    0.17160E-03    0.26265E+03
    0.17507E-03    0.26778E+03
    0.17860E-03    0.27301E+03
    0.18221E-03    0.27834E+03
    0.18589E-03    0.28377E+03
    0.18965E-03    0.28931E+03
    0.19348E-03    0.29495E+03
    0.19739E-03    0.30071E+03
    0.20138E-03    0.30658E+03
    0.20544E-03    0.31256E+03
    0.20959E-03    0.31866E+03
    0.21383E-03    0.32487E+03
    0.21815E-03    0.33121E+03
    0.22255E-03    0.33767E+03
    0.22705E-03    0.34426E+03
    0.23164E-03    0.35097E+03
    0.23632E-03    0.35781E+03
    0.24109E-03    0.36479E+03
    0.24596E-03    0.37190E+03
    0.25093E-03    0.37915E+03
    0.25600E-03    0.38654E+03
    0.26117E-03    0.39407E+03
    0.26645E-03    0.40175E+03
    0.27183E-03    0.40958E+03
    0.27732E-03    0.41756E+03
    0.28292E-03    0.42569E+03
    0.28864E-03    0.43398E+03
    0.29447E-03    0.44243E+03
    0.30042E-03    0.45104E+03
    0.30649E-03    0.45982E+03
    0.31268E-03    0.46877E+03
    0.31899E-03    0.47790E+03
    0.32544E-03    0.48719E+03
    0.33201E-03    0.49667E+03
    0.33872E-03    0.50633E+03
    0.34556E-03    0.51618E+03
    0.35254E-03    0.52621E+03
    0.35966E-03    0.53644E+03
    0.36693E-03    0.54686E+03
    0.37434E-03    0.55749E+03
    0.38190E-03    0.56831E+03
    0.38962E-03    0.57935E+03
    0.39749E-03    0.59060E+03
    0.40552E-03    0.60206E+03
    0.41371E-03    0.61374E+03
    0.42207E-03    0.62565E+03
    0.43060E-03    0.63778E+03
    0.43929E-03    0.65014E+03
    0.44817E-03    0.66274E+03
    0.45722E-03    0.67558E+03
    0.46646E-03    0.68866E+03
    0.47588E-03    0.70199E+03
    0.48550E-03    0.71558E+03
    0.49530E-03    0.72942E+03
    0.50531E-03    0.74352E+03
    0.51552E-03    0.75789E+03
    0.52593E-03    0.77254E+03
    0.53656E-03    0.78746E+03
    0.54739E-03    0.80266E+03
    0.55845E-03    0.81814E+03
    0.56973E-03    0.83392E+03
    0.58124E-03    0.85000E+03
    0.59299E-03    0.86637E+03
    0.60496E-03    0.88305E+03
    0.61719E-03    0.90005E+03
    0.62965E-03    0.91736E+03
    0.64237E-03    0.93499E+03
    0.65535E-03    0.95296E+03
    0.66859E-03    0.97125E+03
    0.68210E-03    0.98989E+03
    0.69588E-03    0.10089E+04
    0.70993E-03    0.10282E+04
    0.72427E-03    0.10479E+04
    0.73891E-03    0.10679E+04
    0.75383E-03    0.10884E+04
    0.76906E-03    0.11091E+04
    0.78460E-03    0.11303E+04
    0.80045E-03    0.11519E+04
    0.81662E-03    0.11738E+04
    0.83311E-03    0.11962E+04
    0.84994E-03    0.12189E+04
    0.86711E-03    0.12421E+04
    0.88463E-03    0.12657E+04
    0.90250E-03    0.12897E+04
    0.92073E-03    0.13142E+04
    0.93933E-03    0.13390E+04
    0.95831E-03    0.13644E+04
    0.97767E-03    0.13902E+04
    0.99742E-03    0.14164E+04
    0.10176E-02    0.14431E+04
    0.10381E-02    0.14703E+04
    0.10591E-02    0.14979E+04
    0.10805E-02    0.15261E+04
    0.11023E-02    0.15547E+04
    0.11246E-02    0.15838E+04
    0.11473E-02    0.16135E+04
    0.11705E-02    0.16436E+04
    0.11941E-02    0.16743E+04
    0.12182E-02    0.17055E+04
    0.12429E-02    0.17373E+04
    0.12680E-02    0.17696E+04
    0.12936E-02    0.18024E+04
    0.13197E-02    0.18358E+04
    0.13464E-02    0.18697E+04
    0.13736E-02    0.19043E+04
    0.14013E-02    0.19394E+04
    0.14296E-02    0.19751E+04
    0.14585E-02    0.20113E+04
    0.14880E-02    0.20482E+04
    0.15180E-02    0.20857E+04
    0.15487E-02    0.21238E+04
    0.15800E-02    0.21625E+04
    0.16119E-02    0.22019E+04
    0.16445E-02    0.22419E+04
    0.16777E-02    0.22825E+04
    0.17116E-02    0.23237E+04
    0.17462E-02    0.23657E+04
    0.17814E-02    0.24082E+04
    0.18174E-02    0.24515E+04
    0.18541E-02    0.24954E+04
    0.18916E-02    0.25400E+04
    0.19298E-02    0.25852E+04
    0.19688E-02    0.26312E+04
    0.20086E-02    0.26778E+04
    0.20491E-02    0.27252E+04
    0.20905E-02    0.27732E+04
    0.21328E-02    0.28220E+04
    0.21758E-02    0.28714E+04
    0.22198E-02    0.29216E+04
    0.22646E-02    0.29725E+04
    0.23104E-02    0.30241E+04
    0.23571E-02    0.30765E+04
    0.24047E-02    0.31295E+04
    0.24533E-02    0.31833E+04
    0.25028E-02    0.32379E+04
    0.25534E-02    0.32931E+04
    0.26050E-02    0.33491E+04
    0.26576E-02    0.34059E+04
    0.27113E-02    0.34633E+04
    0.27660E-02    0.35215E+04
    0.28219E-02    0.35805E+04
    0.28789E-02    0.36402E+04
    0.29371E-02    0.37006E+04
    0.29964E-02    0.37618E+04
    0.30569E-02    0.38236E+04
    0.31187E-02    0.38863E+04
    0.31817E-02    0.39496E+04
    0.32460E-02    0.40137E+04
    0.33115E-02    0.40784E+04
    0.33784E-02    0.41439E+04
    0.34467E-02    0.42101E+04
    0.35163E-02    0.42770E+04
    0.35874E-02    0.43446E+04
    0.36598E-02    0.44128E+04
    0.37338E-02    0.44817E+04
    0.38092E-02    0.45513E+04
    0.38861E-02    0.46215E+04
    0.39646E-02    0.46924E+04
    0.40447E-02    0.47639E+04
    0.41264E-02    0.48360E+04
    0.42098E-02    0.49088E+04
    0.42948E-02    0.49821E+04
    0.43816E-02    0.50559E+04
    0.44701E-02    0.51304E+04
    0.45604E-02    0.52053E+04
    0.46525E-02    0.52806E+04
    0.47465E-02    0.53566E+04
    0.48424E-02    0.54339E+04
    0.49402E-02    0.55092E+04
    0.50400E-02    0.55817E+04
    0.51419E-02    0.56567E+04
    0.52457E-02    0.57352E+04
    0.53517E-02    0.58136E+04
    0.54598E-02    0.58918E+04
    0.55701E-02    0.59705E+04
    0.56826E-02    0.60496E+04
    0.57974E-02    0.61287E+04
    0.59145E-02    0.62081E+04
    0.60340E-02    0.62875E+04
    0.61559E-02    0.63671E+04
    0.62803E-02    0.64468E+04
    0.64072E-02    0.65264E+04
    0.65366E-02    0.66060E+04
    0.66686E-02    0.66856E+04
    0.68033E-02    0.67651E+04
    0.69408E-02    0.68443E+04
    0.70810E-02    0.69234E+04
    0.72240E-02    0.70022E+04
    0.73700E-02    0.70807E+04
    0.75189E-02    0.71588E+04
    0.76708E-02    0.72365E+04
    0.78257E-02    0.73137E+04
    0.79838E-02    0.73904E+04
    0.81451E-02    0.74664E+04
    0.83096E-02    0.75418E+04
    0.84775E-02    0.76164E+04
    0.86488E-02    0.76903E+04
    0.88235E-02    0.77632E+04
    0.90017E-02    0.78352E+04
    0.91836E-02    0.79062E+04
    0.93691E-02    0.79761E+04
    0.95583E-02    0.80448E+04
    0.97514E-02    0.81123E+04
    0.99484E-02    0.81784E+04
    0.10149E-01    0.82431E+04
    0.10354E-01    0.83063E+04
    0.10564E-01    0.83679E+04
    0.10777E-01    0.84279E+04
    0.10995E-01    0.84860E+04
    0.11217E-01    0.85423E+04
    0.11443E-01    0.85967E+04
    0.11675E-01    0.86490E+04
    0.11910E-01    0.86992E+04
    0.12151E-01    0.87471E+04
    0.12397E-01    0.87927E+04
    0.12647E-01    0.88359E+04
    0.12902E-01    0.88765E+04
    0.13163E-01    0.89145E+04
    0.13429E-01    0.89498E+04
    0.13700E-01    0.89822E+04
    0.13977E-01    0.90117E+04
    0.14259E-01    0.90382E+04
    0.14547E-01    0.90615E+04
    0.14841E-01    0.90816E+04
    0.15141E-01    0.90984E+04
    0.15447E-01    0.91117E+04
    0.15759E-01    0.91215E+04
    0.16077E-01    0.91277E+04
    0.16402E-01    0.91302E+04
    0.16734E-01    0.91289E+04
    0.17072E-01    0.91238E+04
    0.17416E-01    0.91147E+04
    0.17768E-01    0.91015E+04
    0.18127E-01    0.90843E+04
    0.18493E-01    0.90629E+04
    0.18867E-01    0.90374E+04
    0.19248E-01    0.90075E+04
    0.19637E-01    0.89734E+04
    0.20034E-01    0.89350E+04
    0.20438E-01    0.88922E+04
    0.20851E-01    0.88450E+04
    0.21272E-01    0.87935E+04
    0.21702E-01    0.87377E+04
    0.22141E-01    0.86775E+04
    0.22588E-01    0.86129E+04
    0.23044E-01    0.85442E+04
    0.23510E-01    0.84712E+04
    0.23985E-01    0.83942E+04
    0.24469E-01    0.83131E+04
    0.24964E-01    0.82280E+04
    0.25468E-01    0.81392E+04
    0.25982E-01    0.80467E+04
    0.26507E-01    0.79507E+04
    0.27043E-01    0.78513E+04
    0.27589E-01    0.77488E+04
    0.28146E-01    0.76433E+04
    0.28715E-01    0.75351E+04
    0.29295E-01    0.74244E+04
    0.29887E-01    0.73115E+04
    0.30490E-01    0.71965E+04
    0.31106E-01    0.70799E+04
    0.31735E-01    0.69619E+04
    0.32376E-01    0.68428E+04
    0.33030E-01    0.67229E+04
    0.33697E-01    0.66026E+04
    0.34378E-01    0.64821E+04
    0.35072E-01    0.63619E+04
    0.35781E-01    0.62423E+04
    0.36504E-01    0.61233E+04
    0.37241E-01    0.60052E+04
    0.37993E-01    0.58877E+04
    0.38761E-01    0.57716E+04
    0.39544E-01    0.56576E+04
    0.40343E-01    0.55462E+04
    0.41158E-01    0.54376E+04
    0.41989E-01    0.53321E+04
    0.42838E-01    0.52299E+04
    0.43703E-01    0.51314E+04
    0.44586E-01    0.50365E+04
    0.45486E-01    0.49455E+04
    0.46405E-01    0.48583E+04
    0.47343E-01    0.47749E+04
    0.48299E-01    0.46952E+04
    0.49275E-01    0.46191E+04
    0.50270E-01    0.45464E+04
    0.51286E-01    0.44769E+04
    0.52322E-01    0.44102E+04
    0.53379E-01    0.43462E+04
    0.54457E-01    0.42846E+04
    0.55557E-01    0.42251E+04
    0.56680E-01    0.41673E+04
    0.57825E-01    0.41120E+04
    0.58993E-01    0.40601E+04
    0.60184E-01    0.40096E+04
    0.61400E-01    0.39576E+04
    0.62641E-01    0.39035E+04
    0.63906E-01    0.38480E+04
    0.65197E-01    0.37913E+04
    0.66514E-01    0.37325E+04
    0.67858E-01    0.36709E+04
    0.69229E-01    0.36062E+04
    0.70627E-01    0.35379E+04
    0.72054E-01    0.34659E+04
    0.73510E-01    0.33901E+04
    0.74994E-01    0.33103E+04
    0.76509E-01    0.32269E+04
    0.78055E-01    0.31401E+04
    0.79632E-01    0.30504E+04
    0.81241E-01    0.29583E+04
    0.82882E-01    0.28647E+04
    0.84556E-01    0.27701E+04
    0.86264E-01    0.26755E+04
    0.88007E-01    0.25817E+04
    0.89785E-01    0.24896E+04
    0.91598E-01    0.24000E+04
    0.93449E-01    0.23138E+04
    0.95337E-01    0.22319E+04
    0.97263E-01    0.21548E+04
    0.99227E-01    0.20832E+04
    0.10123E+00    0.20175E+04
    0.10328E+00    0.19580E+04
    0.10536E+00    0.19045E+04
    0.10749E+00    0.18568E+04
    0.10966E+00    0.18145E+04
    0.11188E+00    0.17768E+04
    0.11414E+00    0.17431E+04
    0.11644E+00    0.17124E+04
    0.11880E+00    0.16836E+04
    0.12120E+00    0.16556E+04
    0.12365E+00    0.16272E+04
    0.12614E+00    0.15973E+04
    0.12869E+00    0.15646E+04
    0.13129E+00    0.15284E+04
    0.13394E+00    0.14881E+04
    0.13665E+00    0.14438E+04
    0.13941E+00    0.13961E+04
    0.14223E+00    0.13458E+04
    0.14510E+00    0.12941E+04
    0.14803E+00    0.12422E+04
    0.15102E+00    0.11914E+04
    0.15407E+00    0.11425E+04
    0.15718E+00    0.10968E+04
    0.16036E+00    0.10550E+04
    0.16360E+00    0.10179E+04
    0.16690E+00    0.98577E+03
    0.17028E+00    0.95851E+03
    0.17371E+00    0.93534E+03
    0.17722E+00    0.91513E+03
    0.18080E+00    0.89662E+03
    0.18446E+00    0.87857E+03
    0.18818E+00    0.85988E+03
    0.19198E+00    0.83964E+03
    0.19586E+00    0.81719E+03
    0.19982E+00    0.79228E+03
    0.20386E+00    0.76516E+03
    0.20797E+00    0.73659E+03
    0.21218E+00    0.70766E+03
    0.21646E+00    0.67953E+03
    0.22083E+00    0.65321E+03
    0.22530E+00    0.62944E+03
    0.22985E+00    0.60869E+03
    0.23449E+00    0.59083E+03
    0.23923E+00    0.57547E+03
    0.24406E+00    0.56164E+03
    0.24899E+00    0.54834E+03
    0.25402E+00    0.53471E+03
    0.25915E+00    0.52012E+03
    0.26439E+00    0.50438E+03
    0.26973E+00    0.48762E+03
    0.27518E+00    0.47042E+03
    0.28074E+00    0.45346E+03
    0.28641E+00    0.43756E+03
    0.29219E+00    0.42318E+03
    0.29810E+00    0.41038E+03
    0.30412E+00    0.39894E+03
    0.31026E+00    0.38840E+03
    0.31653E+00    0.37821E+03
    0.32292E+00    0.36782E+03
    0.32945E+00    0.35699E+03
    0.33610E+00    0.34583E+03
    0.34289E+00    0.33464E+03
    0.34982E+00    0.32389E+03
    0.35689E+00    0.31385E+03
    0.36409E+00    0.30464E+03
    0.37145E+00    0.29617E+03
    0.37895E+00    0.28812E+03
    0.38661E+00    0.28022E+03
    0.39442E+00    0.27228E+03
    0.40239E+00    0.26429E+03
    0.41052E+00    0.25644E+03
    0.41881E+00    0.24888E+03
    0.42727E+00    0.24178E+03
    0.43590E+00    0.23511E+03
    0.44471E+00    0.22873E+03
    0.45369E+00    0.22253E+03
    0.46286E+00    0.21641E+03
    0.47221E+00    0.21038E+03
    0.48174E+00    0.20455E+03
    0.49148E+00    0.19894E+03
    0.50141E+00    0.19361E+03
    0.51153E+00    0.18848E+03
    0.52187E+00    0.18350E+03
    0.53241E+00    0.17864E+03
    0.54317E+00    0.17391E+03
    0.55414E+00    0.16933E+03
    0.56533E+00    0.16493E+03
    0.57675E+00    0.16069E+03
    0.58840E+00    0.15657E+03
    0.60029E+00    0.15257E+03
    0.61242E+00    0.14869E+03
    0.62479E+00    0.14493E+03
    0.63741E+00    0.14129E+03
    0.65029E+00    0.13777E+03
    0.66342E+00    0.13436E+03
    0.67683E+00    0.13105E+03
    0.69050E+00    0.12784E+03
    0.70445E+00    0.12472E+03
    0.71868E+00    0.12169E+03
    0.73320E+00    0.11875E+03
    0.74801E+00    0.11589E+03
    0.76312E+00    0.11311E+03
    0.77854E+00    0.11042E+03
    0.79426E+00    0.10780E+03
    0.81031E+00    0.10525E+03
    0.82668E+00    0.10277E+03
    0.84338E+00    0.10036E+03
    0.86041E+00    0.98019E+02
    0.87780E+00    0.95738E+02
    0.89553E+00    0.93517E+02
    0.91362E+00    0.91355E+02
    0.93208E+00    0.89248E+02
    0.95091E+00    0.87196E+02
    0.97011E+00    0.85195E+02
    0.98971E+00    0.83244E+02
    0.10097E+01    0.81341E+02
    0.10301E+01    0.79484E+02
    0.10509E+01    0.77672E+02
    0.10721E+01    0.75903E+02
    0.10938E+01    0.74175E+02
    0.11159E+01    0.72488E+02
    0.11384E+01    0.70839E+02
    0.11614E+01    0.69228E+02
    0.11849E+01    0.67653E+02
    0.12088E+01    0.66113E+02
    0.12333E+01    0.64607E+02
    0.12582E+01    0.63134E+02
    0.12836E+01    0.61693E+02
    0.13095E+01    0.60282E+02
    0.13360E+01    0.58902E+02
    0.13630E+01    0.57550E+02
    0.13905E+01    0.56226E+02
    0.14186E+01    0.54930E+02
    0.14472E+01    0.53660E+02
    0.14765E+01    0.52416E+02
    0.15063E+01    0.51197E+02
    0.15367E+01    0.50003E+02
    0.15678E+01    0.48832E+02
    0.15994E+01    0.47684E+02
    0.16318E+01    0.46559E+02
    0.16647E+01    0.45456E+02
    0.16984E+01    0.44374E+02
    0.17327E+01    0.43313E+02
    0.17677E+01    0.42273E+02
    0.18034E+01    0.41253E+02
    0.18398E+01    0.40253E+02
    0.18770E+01    0.39272E+02
    0.19149E+01    0.38309E+02
    0.19536E+01    0.37366E+02
    0.19930E+01    0.36440E+02
    0.20333E+01    0.35532E+02
    0.20744E+01    0.34641E+02
    0.21163E+01    0.33768E+02
    0.21590E+01    0.32912E+02
    0.22026E+01    0.32072E+02
    0.22471E+01    0.31248E+02
    0.22925E+01    0.30440E+02
    0.23388E+01    0.29649E+02
    0.23861E+01    0.28872E+02
    0.24343E+01    0.28111E+02
    0.24835E+01    0.27366E+02
    0.25336E+01    0.26634E+02
    0.25848E+01    0.25918E+02
    0.26370E+01    0.25216E+02
    0.26903E+01    0.24528E+02
    0.27447E+01    0.23855E+02
    0.28001E+01    0.23195E+02
    0.28567E+01    0.22549E+02
    0.29144E+01    0.21916E+02
    0.29733E+01    0.21297E+02
    0.30333E+01    0.20691E+02
    0.30946E+01    0.20098E+02
    0.31571E+01    0.19517E+02
    0.32209E+01    0.18949E+02
    0.32860E+01    0.18394E+02
    0.33523E+01    0.17851E+02
    0.34201E+01    0.17320E+02
    0.34892E+01    0.16802E+02
    0.35596E+01    0.16295E+02
    0.36316E+01    0.15799E+02
    0.37049E+01    0.15315E+02
    0.37798E+01    0.14843E+02
    0.38561E+01    0.14382E+02
    0.39340E+01    0.13932E+02
    0.40135E+01    0.13492E+02
    0.40946E+01    0.13064E+02
    0.41773E+01    0.12646E+02
    0.42617E+01    0.12239E+02
    0.43478E+01    0.11841E+02
    0.44356E+01    0.11455E+02
    0.45252E+01    0.11078E+02
    0.46166E+01    0.10711E+02
    0.47099E+01    0.10353E+02
    0.48050E+01    0.10005E+02
    0.49021E+01    0.96668E+01
    0.50011E+01    0.93376E+01
    0.51021E+01    0.90174E+01
    0.52052E+01    0.87062E+01
    0.53104E+01    0.84038E+01
    0.54176E+01    0.81100E+01
    0.55271E+01    0.78247E+01
    0.56387E+01    0.75476E+01
    0.57526E+01    0.72788E+01
    0.58689E+01    0.70179E+01
    0.59874E+01    0.67649E+01
    0.61084E+01    0.65195E+01
    0.62318E+01    0.62817E+01
    0.63577E+01    0.60512E+01
    0.64861E+01    0.58280E+01
    0.66171E+01    0.56118E+01
    0.67508E+01    0.54025E+01
    0.68872E+01    0.51999E+01
    0.70263E+01    0.50039E+01
    0.71682E+01    0.48143E+01
    0.73130E+01    0.46310E+01
    0.74608E+01    0.44537E+01
    0.76115E+01    0.42825E+01
    0.77653E+01    0.41170E+01
    0.79221E+01    0.39572E+01
    0.80822E+01    0.38029E+01
    0.82454E+01    0.36540E+01
    0.84120E+01    0.35102E+01
    0.85819E+01    0.33716E+01
    0.87553E+01    0.32378E+01
    0.89322E+01    0.31088E+01
    0.91126E+01    0.29845E+01
    0.92967E+01    0.28647E+01
    0.94845E+01    0.27492E+01
    0.96761E+01    0.26380E+01
    0.98716E+01    0.25309E+01
    0.10071E+02    0.24277E+01
    0.10274E+02    0.23284E+01
    0.10482E+02    0.22329E+01
    0.10694E+02    0.21409E+01
    0.10910E+02    0.20525E+01
    0.11130E+02    0.19674E+01
    0.11355E+02    0.18856E+01
    0.11584E+02    0.18070E+01
    0.11818E+02    0.17314E+01
    0.12057E+02    0.16588E+01
    0.12301E+02    0.15890E+01
    0.12549E+02    0.15220E+01
    0.12803E+02    0.14576E+01
    0.13061E+02    0.13958E+01
    0.13325E+02    0.13364E+01
    0.13594E+02    0.12794E+01
    0.13869E+02    0.12247E+01
    0.14149E+02    0.11723E+01
    0.14435E+02    0.11219E+01
    0.14727E+02    0.10737E+01
    0.15024E+02    0.10273E+01
    0.15328E+02    0.98292E+00
    0.15637E+02    0.94034E+00
    0.15953E+02    0.89952E+00
    0.16275E+02    0.86039E+00
    0.16604E+02    0.82288E+00
    0.16940E+02    0.78695E+00
    0.17282E+02    0.75252E+00
    0.17631E+02    0.71953E+00
    0.17987E+02    0.68793E+00
    0.18351E+02    0.65767E+00
    0.18721E+02    0.62869E+00
    0.19099E+02    0.60095E+00
    0.19485E+02    0.57438E+00
    0.19879E+02    0.54895E+00
    0.20280E+02    0.52461E+00
    0.20690E+02    0.50131E+00
    0.21108E+02    0.47901E+00
    0.21535E+02    0.45768E+00
    0.21970E+02    0.43727E+00
    0.22413E+02    0.41774E+00
    0.22866E+02    0.39906E+00
    0.23328E+02    0.38119E+00
    0.23799E+02    0.36411E+00
    0.24280E+02    0.34776E+00
    0.24771E+02    0.33214E+00
    0.25271E+02    0.31719E+00
    0.25782E+02    0.30291E+00
    0.26302E+02    0.28925E+00
    0.26834E+02    0.27620E+00
    0.27376E+02    0.26372E+00
    0.27929E+02    0.25179E+00
    0.28493E+02    0.24039E+00
    0.29069E+02    0.22950E+00
    0.29656E+02    0.21909E+00
    0.30255E+02    0.20915E+00
    0.30866E+02    0.19965E+00
    0.31490E+02    0.19057E+00
    0.32126E+02    0.18190E+00
    0.32775E+02    0.17361E+00
    0.33437E+02    0.16570E+00
    0.34112E+02    0.15814E+00
    0.34801E+02    0.15092E+00
    0.35504E+02    0.14402E+00
    0.36222E+02    0.13744E+00
    0.36953E+02    0.13115E+00
    0.37700E+02    0.12515E+00
    0.38462E+02    0.11942E+00
    0.39239E+02    0.11394E+00
    0.40031E+02    0.10872E+00
    0.40840E+02    0.10373E+00
    0.41665E+02    0.98966E-01
    0.42507E+02    0.94419E-01
    0.43365E+02    0.90079E-01
    0.44241E+02    0.85936E-01
    0.45135E+02    0.81982E-01
    0.46047E+02    0.78207E-01
    0.46977E+02    0.74605E-01
    0.47926E+02    0.71167E-01
    0.48894E+02    0.67886E-01
    0.49882E+02    0.64754E-01
    0.50890E+02    0.61766E-01
    0.51918E+02    0.58915E-01
    0.52966E+02    0.56194E-01
    0.54036E+02    0.53597E-01
    0.55128E+02    0.51120E-01
    0.56242E+02    0.48756E-01
    0.57378E+02    0.46501E-01
    0.58537E+02    0.44349E-01
    0.59720E+02    0.42296E-01
    0.60926E+02    0.40338E-01
    0.62157E+02    0.38469E-01
    0.63412E+02    0.36687E-01
    0.64693E+02    0.34986E-01
    0.66000E+02    0.33364E-01
    0.67334E+02    0.31817E-01
    0.68694E+02    0.30341E-01
    0.70082E+02    0.28933E-01
    0.71497E+02    0.27590E-01
    0.72942E+02    0.26309E-01
    0.74415E+02    0.25087E-01
    0.75918E+02    0.23922E-01
    0.77452E+02    0.22810E-01
    0.79017E+02    0.21750E-01
    0.80613E+02    0.20739E-01
    0.82241E+02    0.19775E-01
    0.83903E+02    0.18855E-01
    0.85598E+02    0.17978E-01
    0.87327E+02    0.17142E-01
    0.89091E+02    0.16344E-01
    0.90891E+02    0.15583E-01
    0.92727E+02    0.14858E-01
    0.94600E+02    0.14166E-01
    0.96511E+02    0.13506E-01
    0.98461E+02    0.12877E-01
    0.10045E+03    0.12277E-01
    0.10248E+03    0.11705E-01
    0.10455E+03    0.11160E-01
    0.10666E+03    0.10640E-01
    0.10882E+03    0.10144E-01
    0.11101E+03    0.96706E-02
    0.11326E+03    0.92197E-02
    0.11554E+03    0.87897E-02
    0.11788E+03    0.83797E-02
    0.12026E+03    0.79888E-02
    0.12269E+03    0.76161E-02
    0.12517E+03    0.72608E-02
    0.12770E+03    0.69219E-02
    0.13028E+03    0.65989E-02
    0.13291E+03    0.62909E-02
    0.13559E+03    0.59972E-02
    0.13833E+03    0.57172E-02
    0.14113E+03    0.54503E-02
    0.14398E+03    0.51957E-02
    0.14689E+03    0.49531E-02
    0.14985E+03    0.47218E-02
    0.15288E+03    0.45012E-02
    0.15597E+03    0.42909E-02
    0.15912E+03    0.40905E-02
    0.16233E+03    0.38994E-02
    0.16561E+03    0.37171E-02
    0.16896E+03    0.35434E-02
    0.17237E+03    0.33778E-02
    0.17585E+03    0.32200E-02
    0.17941E+03    0.30695E-02
    0.18303E+03    0.29260E-02
    0.18673E+03    0.27892E-02
    0.19050E+03    0.26588E-02
    0.19435E+03    0.25345E-02
    0.19828E+03    0.24160E-02
    0.20228E+03    0.23030E-02
    0.20637E+03    0.21953E-02
    0.21054E+03    0.20927E-02
    0.21479E+03    0.19948E-02
    0.21913E+03    0.19015E-02
    0.22356E+03    0.18125E-02
    0.22807E+03    0.17278E-02
    0.23268E+03    0.16469E-02
    0.23738E+03    0.15699E-02
    0.24217E+03    0.14965E-02
    0.24707E+03    0.14264E-02
    0.25206E+03    0.13597E-02
    0.25715E+03    0.12961E-02
    0.26234E+03    0.12354E-02
    0.26764E+03    0.11776E-02
    0.27305E+03    0.11225E-02
    0.27857E+03    0.10700E-02
    0.28419E+03    0.10199E-02
    0.28994E+03    0.97217E-03
    0.29579E+03    0.92667E-03
    0.30177E+03    0.88330E-03
    0.30786E+03    0.84196E-03
    0.31408E+03    0.80255E-03
    0.32043E+03    0.76498E-03
    0.32690E+03    0.72917E-03
    0.33351E+03    0.69504E-03
    0.34024E+03    0.66250E-03
    0.34712E+03    0.63148E-03
    0.35413E+03    0.60192E-03
    0.36128E+03    0.57374E-03
    0.36858E+03    0.54688E-03
    0.37603E+03    0.52127E-03
    0.38362E+03    0.49687E-03
    0.39137E+03    0.47360E-03
    0.39928E+03    0.45142E-03
    0.40734E+03    0.43029E-03
    0.41557E+03    0.41014E-03
    0.42397E+03    0.39093E-03
    0.43253E+03    0.37263E-03
    0.44127E+03    0.35518E-03
    0.45019E+03    0.33854E-03
    0.45928E+03    0.32269E-03
    0.46856E+03    0.30758E-03
    0.47802E+03    0.29317E-03
    0.48768E+03    0.27944E-03
    0.49753E+03    0.26635E-03
    0.50758E+03    0.25388E-03
    0.51784E+03    0.24199E-03
    0.52830E+03    0.23065E-03
    0.53897E+03    0.21985E-03
    0.54986E+03    0.20955E-03
    0.56097E+03    0.19974E-03
    0.57230E+03    0.19038E-03
    0.58386E+03    0.18147E-03
    0.59565E+03    0.17297E-03
    0.60769E+03    0.16486E-03
    0.61996E+03    0.15714E-03
    0.63249E+03    0.14978E-03
    0.64526E+03    0.14276E-03
    0.65830E+03    0.13608E-03
    0.67160E+03    0.12970E-03
    0.68516E+03    0.12363E-03
    0.69901E+03    0.11783E-03
    0.71313E+03    0.11231E-03
    0.72753E+03    0.10705E-03
    0.74223E+03    0.10204E-03
    0.75722E+03    0.97257E-04
    0.77252E+03    0.92701E-04
    0.78813E+03    0.88358E-04
    0.80405E+03    0.84218E-04
    0.82029E+03    0.80273E-04
    0.83686E+03    0.76512E-04
    0.85377E+03    0.72928E-04
    0.87101E+03    0.69511E-04
    0.88861E+03    0.66254E-04
    0.90656E+03    0.63150E-04
    0.92488E+03    0.60191E-04
    0.94356E+03    0.57371E-04
    0.96262E+03    0.54683E-04
    0.98207E+03    0.52121E-04
    0.10019E+04    0.49679E-04
    0.10221E+04    0.47352E-04
    0.10428E+04    0.45133E-04
    0.10639E+04    0.43018E-04
    0.10854E+04    0.41003E-04
    0.11073E+04    0.39082E-04
    0.11296E+04    0.37251E-04
    0.11525E+04    0.35505E-04
    0.11757E+04    0.33842E-04
    0.11995E+04    0.32256E-04
    0.12237E+04    0.30745E-04
    0.12485E+04    0.29304E-04
    0.12737E+04    0.27931E-04
    0.12994E+04    0.26622E-04
    0.13257E+04    0.25375E-04
    0.13524E+04    0.24186E-04
    0.13798E+04    0.23053E-04
    0.14076E+04    0.21972E-04
    0.14361E+04    0.20943E-04
    0.14651E+04    0.19961E-04
    0.14947E+04    0.19026E-04
    0.15249E+04    0.18135E-04
    0.15557E+04    0.17285E-04
    0.15871E+04    0.16475E-04
    0.16192E+04    0.15703E-04
    0.16519E+04    0.14967E-04
    0.16852E+04    0.14266E-04
    0.17193E+04    0.13597E-04
    0.17540E+04    0.12960E-04
    0.17894E+04    0.12353E-04
    0.18256E+04    0.11774E-04
    0.18625E+04    0.11222E-04
    0.19001E+04    0.10696E-04
    0.19385E+04    0.10195E-04
    0.19776E+04    0.97174E-05
    0.20176E+04    0.92621E-05
    0.20583E+04    0.88281E-05
    0.20999E+04    0.84144E-05
    0.21424E+04    0.80201E-05
    0.21856E+04    0.76443E-05
    0.22298E+04    0.72860E-05
    0.22748E+04    0.69446E-05
    0.23208E+04    0.66192E-05
    0.23677E+04    0.63090E-05
    0.24155E+04    0.60134E-05
    0.24643E+04    0.57316E-05
    0.25141E+04    0.54630E-05
    0.25649E+04    0.52070E-05
    0.26167E+04    0.49630E-05
    0.26695E+04    0.47304E-05
    0.27235E+04    0.45087E-05
    0.27785E+04    0.42975E-05
    0.28346E+04    0.40961E-05
    0.28919E+04    0.39041E-05
    0.29503E+04    0.37212E-05
    0.30099E+04    0.35468E-05
    0.30707E+04    0.33806E-05
    0.31327E+04    0.32222E-05
    0.31960E+04    0.30712E-05
    0.32606E+04    0.29273E-05
    0.33264E+04    0.27901E-05
    0.33936E+04    0.26593E-05
    0.34622E+04    0.25347E-05
    0.35321E+04    0.24159E-05
    0.36035E+04    0.23027E-05
    0.36763E+04    0.21948E-05
    0.37506E+04    0.20919E-05
    0.38263E+04    0.19939E-05
    0.39036E+04    0.19005E-05
    0.39825E+04    0.18114E-05
    0.40629E+04    0.17265E-05
    0.41450E+04    0.16456E-05
    0.42287E+04    0.15685E-05
    0.43142E+04    0.14950E-05
    0.44013E+04    0.14249E-05
    0.44902E+04    0.13582E-05
    0.45809E+04    0.12945E-05
    0.46735E+04    0.12339E-05
    0.47679E+04    0.11760E-05
    0.48642E+04    0.11209E-05
    0.49625E+04    0.10684E-05
    0.50627E+04    0.10183E-05
    0.51650E+04    0.97060E-06
    0.52693E+04    0.92512E-06
    0.53758E+04    0.88176E-06
    0.54844E+04    0.84044E-06
    0.55952E+04    0.80105E-06
    0.57082E+04    0.76352E-06
    0.58235E+04    0.72773E-06
    0.59412E+04    0.69363E-06
    0.60612E+04    0.66113E-06
    0.61836E+04    0.63014E-06
    0.63085E+04    0.60061E-06
    0.64360E+04    0.57247E-06
    0.65660E+04    0.54564E-06
    0.66986E+04    0.52007E-06
    0.68340E+04    0.49570E-06
    0.69720E+04    0.47247E-06
    0.71129E+04    0.45033E-06
    0.72566E+04    0.42922E-06
